 
0 1.39467e+06 0 65803.3 250000 1.46048e+06
1 1.39467e+06 678048 -612245 250000 1.46048e+06
2 625163 678048 157265 250000 1.46048e+06
3 1.09497e+06 208238 157265 250000 1.46048e+06
4 1.09497e+06 208238 157265 250000 1.46048e+06
5 1.09497e+06 208238 157265 250000 1.46048e+06
6 1.40115e+06 0 78632.4 250000 1.46048e+06
7 1.40115e+06 0 78632.4 250000 1.46048e+06
8 1.40115e+06 0 78632.4 250000 1.46048e+06
9 1.40115e+06 782497 -703865 250000 1.46048e+06
10 633016 782497 64378 250000 1.46048e+06
11 1.13432e+06 281190 64378 250000 1.46048e+06
12 1.13432e+06 281190 64378 250000 1.46048e+06
13 1.13432e+06 277959 67612.2 250000 1.46048e+06
14 1.44656e+06 0 33806.1 255077 1.46048e+06
15 1.44656e+06 0 33806.1 255077 1.46048e+06
16 1.44656e+06 0 33806.1 255077 1.46048e+06
17 1.44656e+06 778913 -745107 255077 1.46048e+06
18 641177 778913 64409.8 255077 1.46048e+06
19 1.17255e+06 247536 64409.8 255077 1.46048e+06
20 1.17255e+06 247536 64409.8 255077 1.46048e+06
21 1.17255e+06 243377 68572.4 255077 1.46048e+06
22 1.45013e+06 0 34286.2 261975 1.46048e+06
23 1.45013e+06 0 34286.2 261975 1.46048e+06
24 1.45013e+06 0 34286.2 261975 1.46048e+06
25 1.45013e+06 735577 -701291 261975 1.46048e+06
26 642744 735577 113919 261975 1.46048e+06
27 1.14887e+06 229453 113919 261975 1.46048e+06
28 1.14887e+06 229453 113919 261975 1.46048e+06
29 1.14887e+06 225163 118213 261975 1.46048e+06
30 1.43186e+06 0 59106.4 271067 1.46048e+06
31 1.43186e+06 0 59106.4 271067 1.46048e+06
32 1.43186e+06 0 59106.4 271067 1.46048e+06
33 1.43186e+06 794335 -735229 271067 1.46048e+06
34 639058 794335 65855.1 271067 1.46048e+06
35 1.15492e+06 278475 65855.1 271067 1.46048e+06
36 1.15492e+06 278475 65855.1 271067 1.46048e+06
37 1.15492e+06 273041 71292.7 271067 1.46048e+06
38 1.46211e+06 0 35646.4 281691 1.46048e+06
39 1.46211e+06 0 35646.4 281691 1.46048e+06
40 1.46211e+06 0 35646.4 281691 1.46048e+06
41 1.46211e+06 798486 -762840 281691 1.46048e+06
42 647112 798486 59806.5 281691 1.46048e+06
43 1.18459e+06 261009 59806.5 281691 1.46048e+06
44 1.18459e+06 261009 59806.5 281691 1.46048e+06
45 1.18459e+06 254396 66569.1 281691 1.46048e+06
46 1.47051e+06 0 33284.5 293641 1.46048e+06
47 1.47051e+06 0 33284.5 292181 1.45902e+06
48 1.47051e+06 0 33284.5 292181 1.45902e+06
49 1.47051e+06 763030 -729745 292181 1.45902e+06
50 650466 763030 97898.2 292181 1.45902e+06
51 1.17104e+06 242453 97898.2 292181 1.45902e+06
52 1.17104e+06 242453 97898.2 292181 1.45902e+06
53 1.17104e+06 234289 106197 292181 1.45902e+06
54 1.4566e+06 0 53098.3 304783 1.45902e+06
55 1.4566e+06 0 53098.3 304773 1.45901e+06
56 1.4566e+06 0 53098.3 304773 1.45901e+06
57 1.4566e+06 798744 -745646 304773 1.45901e+06
58 648444 798744 69130.5 304773 1.45901e+06
59 1.17084e+06 276350 69130.5 304773 1.45901e+06
60 1.17084e+06 276350 69130.5 304773 1.45901e+06
61 1.17084e+06 266249 79555.5 304773 1.45901e+06
62 1.47482e+06 0 39777.8 317928 1.45901e+06
63 1.47482e+06 0 39777.8 319387 1.46046e+06
64 1.47482e+06 0 39777.8 319387 1.46046e+06
65 1.47482e+06 809366 -769589 319387 1.46046e+06
66 653531 809366 57540.3 319387 1.46046e+06
67 1.19185e+06 271044 57540.3 319387 1.46046e+06
68 1.19185e+06 271044 57540.3 319387 1.46046e+06
69 1.19185e+06 259424 69315.2 319387 1.46046e+06
70 1.48402e+06 0 34657.6 332881 1.46046e+06
71 1.48402e+06 0 34657.6 331901 1.45948e+06
72 1.48402e+06 0 34657.6 331901 1.45948e+06
73 1.48402e+06 780771 -746114 331901 1.45948e+06
74 657209 780771 86087.9 331901 1.45948e+06
75 1.18467e+06 253306 86087.9 331901 1.45948e+06
76 1.18467e+06 253306 86087.9 331901 1.45948e+06
77 1.18467e+06 240317 100048 331901 1.45948e+06
78 1.47264e+06 0 50024.2 345727 1.45948e+06
79 1.47264e+06 0 50024.2 347186 1.46094e+06
80 1.47264e+06 0 50024.2 347186 1.46094e+06
81 1.47264e+06 803936 -753912 347186 1.46094e+06
82 655454 803936 68239.8 347186 1.46094e+06
83 1.18144e+06 277953 68239.8 347186 1.46094e+06
84 1.18144e+06 277953 68239.8 347186 1.46094e+06
85 1.18144e+06 262749 84489.9 347186 1.46094e+06
86 1.48388e+06 0 42245 361088 1.46094e+06
87 1.48388e+06 0 42245 362549 1.4624e+06
88 1.48388e+06 0 42245 362549 1.4624e+06
89 1.48388e+06 816899 -774654 362549 1.4624e+06
90 658855 816899 54506.8 362549 1.4624e+06
91 1.19703e+06 278720 54506.8 362549 1.4624e+06
92 1.19703e+06 278720 54506.8 362549 1.4624e+06
93 1.19703e+06 261580 72794.5 362549 1.4624e+06
94 1.49257e+06 0 36397.2 376460 1.4624e+06
95 1.49257e+06 0 36397.2 377713 1.46366e+06
96 1.49257e+06 0 36397.2 377713 1.46366e+06
97 1.49257e+06 796102 -759705 377713 1.46366e+06
98 662185 796102 74517.2 377713 1.46366e+06
99 1.19385e+06 264439 74517.2 377713 1.46366e+06
100 1.19385e+06 264439 74517.2 377713 1.46366e+06
101 1.19385e+06 245237 95570 377713 1.46366e+06
102 1.48418e+06 0 47785 391608 1.46366e+06
103 1.48418e+06 0 47785 393072 1.46512e+06
104 1.48418e+06 0 47785 393072 1.46512e+06
105 1.48418e+06 810716 -762931 393072 1.46512e+06
106 661148 810716 63832 393072 1.46512e+06
107 1.18984e+06 282023 63832 393072 1.46512e+06
108 1.18984e+06 282023 63832 393072 1.46512e+06
109 1.18984e+06 259937 88009 393072 1.46512e+06
110 1.49077e+06 0 44004.5 406949 1.46512e+06
111 1.49077e+06 0 44004.5 408414 1.46659e+06
112 1.49077e+06 0 44004.5 408414 1.46659e+06
113 1.49077e+06 825650 -781646 408414 1.46659e+06
114 663612 825650 48833.6 408414 1.46659e+06
115 1.20162e+06 287638 48833.6 408414 1.46659e+06
116 1.20162e+06 287638 48833.6 408414 1.46659e+06
117 1.20162e+06 265379 73164.3 408414 1.46659e+06
118 1.49909e+06 0 36582.1 423337 1.46659e+06
119 1.49909e+06 0 36582.1 424803 1.46805e+06
120 1.49909e+06 0 36582.1 424803 1.46805e+06
121 1.49909e+06 804185 -767603 424803 1.46805e+06
122 666120 804185 68686.1 424803 1.46805e+06
123 1.19951e+06 270793 68686.1 424803 1.46805e+06
124 1.19951e+06 270793 68686.1 424803 1.46805e+06
125 1.19951e+06 245576 96306 424803 1.46805e+06
126 1.48911e+06 0 48153 439161 1.46805e+06
127 1.48911e+06 0 48153 440629 1.46952e+06
128 1.48911e+06 0 48153 440629 1.46952e+06
129 1.48911e+06 817374 -769221 440629 1.46952e+06
130 664779 817374 58159.5 440629 1.46952e+06
131 1.19388e+06 288272 58159.5 440629 1.46952e+06
132 1.19388e+06 288272 58159.5 440629 1.46952e+06
133 1.19388e+06 260080 89618.6 440629 1.46952e+06
134 1.49438e+06 0 44809.3 454823 1.46952e+06
135 1.49438e+06 0 44809.3 456293 1.47099e+06
136 1.49438e+06 0 44809.3 456293 1.47099e+06
137 1.49438e+06 833895 -789086 456293 1.47099e+06
138 666427 833895 41520 456293 1.47099e+06
139 1.20473e+06 295593 41520 456293 1.47099e+06
140 1.20473e+06 295593 41520 456293 1.47099e+06
141 1.20473e+06 267134 73215.1 456293 1.47099e+06
142 1.50283e+06 0 36607.6 471329 1.47099e+06
143 1.50283e+06 0 36607.6 472800 1.47246e+06
144 1.50283e+06 0 36607.6 472800 1.47246e+06
145 1.50283e+06 811056 -774449 472800 1.47246e+06
146 668669 811056 62477.7 472800 1.47246e+06
147 1.20234e+06 277383 62477.7 472800 1.47246e+06
148 1.20234e+06 277383 62477.7 472800 1.47246e+06
149 1.20234e+06 245091 98294.9 472800 1.47246e+06
150 1.49131e+06 0 49147.4 487190 1.47246e+06
151 1.49131e+06 0 49147.4 488663 1.47393e+06
152 1.49131e+06 0 49147.4 488663 1.47393e+06
153 1.49131e+06 826295 -777147 488663 1.47393e+06
154 666720 826295 49889.2 488663 1.47393e+06
155 1.19596e+06 297050 49889.2 488663 1.47393e+06
156 1.19596e+06 297050 49889.2 488663 1.47393e+06
157 1.19596e+06 265231 85717.5 488663 1.47393e+06
158 1.49733e+06 0 42858.8 503811 1.47393e+06
159 1.49733e+06 0 42858.8 505284 1.47541e+06
160 1.49733e+06 0 42858.8 505284 1.47541e+06
161 1.49733e+06 832289 -789431 505284 1.47541e+06
162 668291 832289 41947.6 505284 1.47541e+06
163 1.20557e+06 295013 41947.6 505284 1.47541e+06
164 1.20557e+06 295013 41947.6 505284 1.47541e+06
165 1.20557e+06 257224 84360 505284 1.47541e+06
166 1.4989e+06 0 42180 519711 1.47541e+06
167 1.4989e+06 0 42180 521187 1.47688e+06
168 1.4989e+06 0 42180 521187 1.47688e+06
169 1.4989e+06 830628 -788448 521187 1.47688e+06
170 669069 830628 43668.2 521187 1.47688e+06
171 1.20313e+06 296570 43668.2 521187 1.47688e+06
172 1.20313e+06 296570 43668.2 521187 1.47688e+06
173 1.20313e+06 255599 89775.9 521187 1.47688e+06
174 1.49721e+06 0 44888 535492 1.47688e+06
175 1.49721e+06 0 44888 536969 1.47836e+06
176 1.49721e+06 0 44888 536969 1.47836e+06
177 1.49721e+06 837009 -792121 536969 1.47836e+06
178 669228 837009 38010.7 536969 1.47836e+06
179 1.20263e+06 303610 38010.7 536969 1.47836e+06
180 1.20263e+06 303610 38010.7 536969 1.47836e+06
181 1.20263e+06 263251 83389.1 536969 1.47836e+06
182 1.49998e+06 0 41694.5 551904 1.47836e+06
183 1.49998e+06 0 41694.5 553382 1.47984e+06
184 1.49998e+06 0 41694.5 553382 1.47984e+06
185 1.49998e+06 831393 -789698 553382 1.47984e+06
186 669833 831393 42575.9 553382 1.47984e+06
187 1.20345e+06 297775 42575.9 553382 1.47984e+06
188 1.20345e+06 297775 42575.9 553382 1.47984e+06
189 1.20345e+06 250251 95953.9 553382 1.47984e+06
190 1.49457e+06 0 47977 567568 1.47984e+06
191 1.49457e+06 0 47977 569048 1.48132e+06
192 1.49457e+06 0 47977 569048 1.48132e+06
193 1.49457e+06 849031 -801054 569048 1.48132e+06
194 668643 849031 26859.2 569048 1.48132e+06
195 1.20217e+06 315506 26859.2 569048 1.48132e+06
196 1.20217e+06 315506 26859.2 569048 1.48132e+06
197 1.20217e+06 269380 78713.3 569048 1.48132e+06
198 1.50267e+06 0 39356.6 583795 1.48132e+06
199 1.50267e+06 0 39356.6 585277 1.4828e+06
200 1.50267e+06 0 39356.6 585277 1.4828e+06
201 1.50267e+06 836176 -796819 585277 1.4828e+06
202 670636 836176 37172.9 585277 1.4828e+06
203 1.20558e+06 301236 37172.9 585277 1.4828e+06
204 1.20558e+06 301236 37172.9 585277 1.4828e+06
205 1.20558e+06 248552 96094.4 585277 1.4828e+06
206 1.49433e+06 0 48047.2 599393 1.4828e+06
207 1.49433e+06 0 48047.2 600876 1.48428e+06
208 1.49433e+06 0 48047.2 600876 1.48428e+06
209 1.49433e+06 849105 -801058 600876 1.48428e+06
210 668856 849105 26262.9 600876 1.48428e+06
211 1.20015e+06 317815 26262.9 600876 1.48428e+06
212 1.20015e+06 317815 26262.9 600876 1.48428e+06
213 1.20015e+06 266532 83889.2 600876 1.48428e+06
214 1.49965e+06 0 41944.6 615499 1.48428e+06
215 1.49965e+06 0 41944.6 616983 1.48577e+06
216 1.49965e+06 0 41944.6 616983 1.48577e+06
217 1.49965e+06 845348 -803403 616983 1.48577e+06
218 669970 845348 28037.1 616983 1.48577e+06
219 1.20473e+06 310589 28037.1 616983 1.48577e+06
220 1.20473e+06 310589 28037.1 616983 1.48577e+06
221 1.20473e+06 251424 94337.9 616983 1.48577e+06
222 1.49479e+06 0 47168.9 630943 1.48577e+06
223 1.49479e+06 0 47168.9 632428 1.48725e+06
224 1.49479e+06 0 47168.9 632428 1.48725e+06
225 1.49479e+06 857632 -810463 632428 1.48725e+06
226 668813 857632 17183.6 632428 1.48725e+06
227 1.20155e+06 324894 17183.6 632428 1.48725e+06
228 1.20155e+06 324894 17183.6 632428 1.48725e+06
229 1.20155e+06 268105 81211.3 632428 1.48725e+06
230 1.50071e+06 0 40605.6 646851 1.48725e+06
231 1.50071e+06 0 40605.6 648339 1.48874e+06
232 1.50071e+06 0 40605.6 648339 1.48874e+06
233 1.50071e+06 846439 -805833 648339 1.48874e+06
234 669825 846439 26704.2 648339 1.48874e+06
235 1.20348e+06 312782 26704.2 648339 1.48874e+06
236 1.20348e+06 312782 26704.2 648339 1.48874e+06
237 1.20348e+06 249059 98373.6 648339 1.48874e+06
238 1.49248e+06 0 49186.8 662160 1.48874e+06
239 1.49248e+06 0 49186.8 663648 1.49023e+06
240 1.49248e+06 0 49186.8 663648 1.49023e+06
241 1.49248e+06 863160 -813973 663648 1.49023e+06
242 667702 863160 12315.9 663648 1.49023e+06
243 1.1993e+06 331565 12315.9 663648 1.49023e+06
244 1.1993e+06 331565 12315.9 663648 1.49023e+06
245 1.1993e+06 269491 82157.4 663648 1.49023e+06
246 1.49964e+06 0 41078.7 677885 1.49023e+06
247 1.49964e+06 0 41078.7 679375 1.49172e+06
248 1.49964e+06 0 41078.7 679375 1.49172e+06
249 1.49964e+06 854550 -813471 679375 1.49172e+06
250 669374 854550 18225.7 679375 1.49172e+06
251 1.20397e+06 319949 18225.7 679375 1.49172e+06
252 1.20397e+06 319949 18225.7 679375 1.49172e+06
253 1.20397e+06 260079 86017.2 679375 1.49172e+06
254 1.49606e+06 0 43008.6 694012 1.49172e+06
255 1.49606e+06 0 43008.6 695504 1.49321e+06
256 1.49606e+06 0 43008.6 695504 1.49321e+06
257 1.49606e+06 840435 -797426 695504 1.49321e+06
258 668391 840435 31805 695504 1.49321e+06
259 1.19563e+06 313193 31805 695504 1.49321e+06
260 1.19563e+06 313193 31805 695504 1.49321e+06
261 1.19563e+06 245158 108866 695504 1.49321e+06
262 1.48472e+06 0 54433.2 709206 1.49321e+06
263 1.48472e+06 0 54433.2 710700 1.4947e+06
264 1.48472e+06 0 54433.2 710700 1.4947e+06
265 1.48472e+06 880236 -825802 710700 1.4947e+06
266 665464 880236 -5077.62 710700 1.4947e+06
267 1.19823e+06 347472 -5077.62 710700 1.4947e+06
268 1.19823e+06 347472 -5077.62 710700 1.4947e+06
269 1.19823e+06 280452 70795.4 710700 1.4947e+06
270 1.50279e+06 0 35397.7 724771 1.4947e+06
271 1.50279e+06 0 35397.7 726265 1.4962e+06
272 1.50279e+06 0 35397.7 726265 1.4962e+06
273 1.50279e+06 856483 -821086 726265 1.4962e+06
274 669433 856483 13606 726265 1.4962e+06
275 1.2065e+06 319413 13606 726265 1.4962e+06
276 1.2065e+06 319413 13606 726265 1.4962e+06
277 1.2065e+06 255310 86600.9 726265 1.4962e+06
278 1.49318e+06 0 43300.5 740692 1.4962e+06
279 1.49318e+06 0 43300.5 742188 1.49769e+06
280 1.49318e+06 0 43300.5 742188 1.49769e+06
281 1.49318e+06 835230 -791929 742188 1.49769e+06
282 666836 835230 35848.8 742188 1.49769e+06
283 1.18913e+06 312940 35848.8 742188 1.49769e+06
284 1.18913e+06 312940 35848.8 742188 1.49769e+06
285 1.18913e+06 239678 119048 742188 1.49769e+06
286 1.47675e+06 0 59524.2 755642 1.49769e+06
287 1.47675e+06 0 59524.2 757139 1.49919e+06
288 1.47675e+06 0 59524.2 757139 1.49919e+06
289 1.47675e+06 893978 -834453 757139 1.49919e+06
290 662893 893978 -19357.1 757139 1.49919e+06
291 1.19454e+06 362328 -19357.1 757139 1.49919e+06
292 1.19454e+06 362328 -19357.1 757139 1.49919e+06
293 1.19454e+06 290278 62626 757139 1.49919e+06
294 1.50391e+06 0 31313 770916 1.49919e+06
295 1.50391e+06 0 31313 772415 1.50069e+06
296 1.50391e+06 0 31313 772415 1.50069e+06
297 1.50391e+06 860421 -829108 772415 1.50069e+06
298 668987 860421 7083.94 772415 1.50069e+06
299 1.20803e+06 321380 7083.94 772415 1.50069e+06
300 1.20803e+06 321380 7083.94 772415 1.50069e+06
301 1.20803e+06 239973 97615.8 772415 1.50069e+06
302 1.48563e+06 0 48807.9 785177 1.50069e+06
303 1.48563e+06 0 48807.9 786678 1.50219e+06
304 1.48563e+06 0 48807.9 786678 1.50219e+06
305 1.48563e+06 859645 -810837 786678 1.50219e+06
306 664884 859645 11234.6 786678 1.50219e+06
307 1.18708e+06 337450 11234.6 786678 1.50219e+06
308 1.18708e+06 337450 11234.6 786678 1.50219e+06
309 1.18708e+06 244894 111619 786678 1.50219e+06
310 1.47718e+06 0 55809.6 798268 1.50219e+06
311 1.47718e+06 0 55809.6 799771 1.50369e+06
312 1.47718e+06 0 55809.6 799771 1.50369e+06
313 1.47718e+06 910340 -854530 799771 1.50369e+06
314 662823 910340 -39114.9 799771 1.50369e+06
315 1.19723e+06 375929 -39114.9 799771 1.50369e+06
316 1.19723e+06 375929 -39114.9 799771 1.50369e+06
317 1.19723e+06 304943 42738.9 799771 1.50369e+06
318 1.51054e+06 0 21369.4 813319 1.50369e+06
319 1.51054e+06 0 21369.4 814823 1.5052e+06
320 1.51054e+06 0 21369.4 814823 1.5052e+06
321 1.51054e+06 833603 -812234 814823 1.5052e+06
322 670237 833603 29155.7 814823 1.5052e+06
323 1.19956e+06 304284 29155.7 814823 1.5052e+06
324 1.19956e+06 304284 29155.7 814823 1.5052e+06
325 1.19956e+06 218531 123397 814823 1.5052e+06
326 1.46887e+06 0 61698.7 826275 1.5052e+06
327 1.46887e+06 0 61698.7 827780 1.5067e+06
328 1.46887e+06 0 61698.7 827780 1.5067e+06
329 1.46887e+06 869821 -808123 827780 1.5067e+06
330 660678 869821 1109.92 827780 1.5067e+06
331 1.17671e+06 353786 1109.92 827780 1.5067e+06
332 1.17671e+06 353786 1109.92 827780 1.5067e+06
333 1.17671e+06 279993 84993.3 827780 1.5067e+06
334 1.48607e+06 0 42496.7 840489 1.5067e+06
335 1.48607e+06 0 42496.7 841996 1.50821e+06
336 1.48607e+06 0 42496.7 841996 1.50821e+06
337 1.48607e+06 868473 -825976 841996 1.50821e+06
338 663321 868473 -2202.55 841996 1.50821e+06
339 1.19612e+06 335672 -2202.55 841996 1.50821e+06
340 1.19612e+06 335672 -2202.55 841996 1.50821e+06
341 1.19612e+06 251527 90952.6 841996 1.50821e+06
342 1.48139e+06 0 45476.3 853528 1.50821e+06
343 1.48139e+06 0 45476.3 855036 1.50972e+06
344 1.48139e+06 0 45476.3 855036 1.50972e+06
345 1.48139e+06 864243 -818766 855036 1.50972e+06
346 662185 864243 1409.43 855036 1.50972e+06
347 1.18717e+06 339254 1409.43 855036 1.50972e+06
348 1.18717e+06 339254 1409.43 855036 1.50972e+06
349 1.18717e+06 251214 99174.6 855036 1.50972e+06
350 1.47643e+06 0 49587.3 865949 1.50972e+06
351 1.47643e+06 0 49587.3 867458 1.51123e+06
352 1.47643e+06 0 49587.3 867458 1.51123e+06
353 1.47643e+06 881309 -831721 867458 1.51123e+06
354 660820 881309 -15168.2 867458 1.51123e+06
355 1.18768e+06 354453 -15168.2 867458 1.51123e+06
356 1.18768e+06 354453 -15168.2 867458 1.51123e+06
357 1.18768e+06 269709 79395.5 867458 1.51123e+06
358 1.48504e+06 0 39697.8 878546 1.51123e+06
359 1.48504e+06 0 39697.8 880057 1.51274e+06
360 1.48504e+06 0 39697.8 880057 1.51274e+06
361 1.48504e+06 861724 -822026 880057 1.51274e+06
362 662389 861724 1475.83 880057 1.51274e+06
363 1.1891e+06 335012 1475.83 880057 1.51274e+06
364 1.1891e+06 335012 1475.83 880057 1.51274e+06
365 1.1891e+06 254557 91670.1 880057 1.51274e+06
366 1.47699e+06 0 45835.1 891310 1.51274e+06
367 1.47699e+06 0 45835.1 892823 1.51425e+06
368 1.47699e+06 0 45835.1 892823 1.51425e+06
369 1.47699e+06 851127 -805292 892823 1.51425e+06
370 659864 851127 12713.8 892823 1.51425e+06
371 1.17883e+06 332156 12713.8 892823 1.51425e+06
372 1.17883e+06 332156 12713.8 892823 1.51425e+06
373 1.17883e+06 247381 107789 892823 1.51425e+06
374 1.46798e+06 0 53894.4 903291 1.51425e+06
375 1.46798e+06 0 53894.4 904805 1.51577e+06
376 1.46798e+06 0 53894.4 904805 1.51577e+06
377 1.46798e+06 885480 -831585 904805 1.51577e+06
378 657189 885480 -19960.8 904805 1.51577e+06
379 1.18296e+06 359707 -19960.8 904805 1.51577e+06
380 1.18296e+06 359707 -19960.8 904805 1.51577e+06
381 1.18296e+06 276453 73114.8 904805 1.51577e+06
382 1.48348e+06 0 36557.4 915415 1.51577e+06
383 1.48348e+06 0 36557.4 916931 1.51728e+06
384 1.48348e+06 0 36557.4 916931 1.51728e+06
385 1.48348e+06 860661 -824103 916931 1.51728e+06
386 659944 860661 239.123 916931 1.51728e+06
387 1.18866e+06 331943 239.123 916931 1.51728e+06
388 1.18866e+06 331943 239.123 916931 1.51728e+06
389 1.18866e+06 243191 98033.7 916931 1.51728e+06
390 1.46937e+06 0 49016.8 926522 1.51728e+06
391 1.46937e+06 0 49016.8 928039 1.5188e+06
392 1.46937e+06 0 49016.8 928039 1.5188e+06
393 1.46937e+06 862261 -813245 928039 1.5188e+06
394 656518 862261 371.45 928039 1.5188e+06
395 1.17451e+06 344270 371.45 928039 1.5188e+06
396 1.17451e+06 344270 371.45 928039 1.5188e+06
397 1.17451e+06 247276 105228 928039 1.5188e+06
398 1.46392e+06 0 52614.1 936254 1.5188e+06
399 1.46392e+06 0 52614.1 937773 1.52032e+06
400 1.46392e+06 0 52614.1 937773 1.52032e+06
401 1.46392e+06 897113 -844499 937773 1.52032e+06
402 654798 897113 -34631.1 937773 1.52032e+06
403 1.18198e+06 369935 -34631.1 937773 1.52032e+06
404 1.18198e+06 369935 -34631.1 937773 1.52032e+06
405 1.18198e+06 263991 79550.4 937773 1.52032e+06
406 1.47601e+06 0 39775.2 945252 1.52032e+06
407 1.47601e+06 0 39775.2 946773 1.52184e+06
408 1.47601e+06 0 39775.2 946773 1.52184e+06
409 1.47601e+06 888904 -849129 946773 1.52184e+06
410 657606 888904 -30083.6 946773 1.52184e+06
411 1.18744e+06 359074 -30083.6 946773 1.52184e+06
412 1.18744e+06 359074 -30083.6 946773 1.52184e+06
413 1.18744e+06 260056 77472.8 946773 1.52184e+06
414 1.47641e+06 0 38736.4 954214 1.52184e+06
415 1.47641e+06 0 38736.4 955736 1.52336e+06
416 1.47641e+06 0 38736.4 955736 1.52336e+06
417 1.47641e+06 850529 -811793 955736 1.52336e+06
418 657508 850529 7747.32 955736 1.52336e+06
419 1.17363e+06 334409 7747.32 955736 1.52336e+06
420 1.17363e+06 334409 7747.32 955736 1.52336e+06
421 1.17363e+06 243877 106500 955736 1.52336e+06
422 1.46052e+06 0 53250 963098 1.52336e+06
423 1.46052e+06 0 53250 964622 1.52488e+06
424 1.46052e+06 0 53250 964622 1.52488e+06
425 1.46052e+06 863050 -809800 964622 1.52488e+06
426 653498 863050 -2153.48 964622 1.52488e+06
427 1.16728e+06 349266 -2153.48 964622 1.52488e+06
428 1.16728e+06 349266 -2153.48 964622 1.52488e+06
429 1.16728e+06 251608 103925 964622 1.52488e+06
430 1.46115e+06 0 51962.7 971194 1.52488e+06
431 1.46115e+06 0 51962.7 972719 1.52641e+06
432 1.46115e+06 0 51962.7 972719 1.52641e+06
433 1.46115e+06 899436 -847473 972719 1.52641e+06
434 652910 899436 -38715.4 972719 1.52641e+06
435 1.18042e+06 371926 -38715.4 972719 1.52641e+06
436 1.18042e+06 371926 -38715.4 972719 1.52641e+06
437 1.18042e+06 284008 58136.3 972719 1.52641e+06
438 1.48311e+06 0 29068.1 979952 1.52641e+06
439 1.48311e+06 0 29068.1 981478 1.52793e+06
440 1.48311e+06 0 29068.1 981478 1.52793e+06
441 1.48311e+06 837673 -808605 981478 1.52793e+06
442 658628 837673 16405.3 981478 1.52793e+06
443 1.18e+06 316299 16405.3 981478 1.52793e+06
444 1.18e+06 316299 16405.3 981478 1.52793e+06
445 1.18e+06 223518 114878 981478 1.52793e+06
446 1.45324e+06 0 57438.8 986168 1.52793e+06
447 1.45324e+06 0 57438.8 987696 1.52946e+06
448 1.45324e+06 0 57438.8 987696 1.52946e+06
449 1.45324e+06 857359 -799920 987696 1.52946e+06
450 651782 857359 2043.91 987696 1.52946e+06
451 1.15942e+06 349723 2043.91 987696 1.52946e+06
452 1.15942e+06 349723 2043.91 987696 1.52946e+06
453 1.15942e+06 247989 110841 987696 1.52946e+06
454 1.45462e+06 0 55420.3 992307 1.52946e+06
455 1.45462e+06 0 55420.3 993837 1.53099e+06
456 1.45462e+06 0 55420.3 993837 1.53099e+06
457 1.45462e+06 917438 -862018 993837 1.53099e+06
458 651890 917438 -58842.1 993837 1.53099e+06
459 1.18265e+06 386677 -58842.1 993837 1.53099e+06
460 1.18265e+06 386677 -58842.1 993837 1.53099e+06
461 1.18265e+06 330201 12171 993837 1.53099e+06
462 1.50378e+06 0 6085.48 1.00486e+06 1.53099e+06
463 1.50378e+06 0 6085.48 1.00591e+06 1.53204e+06
464 1.50378e+06 0 6085.48 1.00591e+06 1.53204e+06
465 1.50378e+06 801864 -795779 1.00591e+06 1.53204e+06
466 662678 801864 45899 1.00591e+06 1.53204e+06
467 1.17763e+06 286917 45899 1.00591e+06 1.53204e+06
468 1.17763e+06 286917 45899 1.00591e+06 1.53204e+06
469 1.17763e+06 206762 132475 1.00591e+06 1.53204e+06
470 1.44278e+06 0 66237.7 1.01011e+06 1.53204e+06
471 1.44278e+06 0 66237.7 1.01164e+06 1.53357e+06
472 1.44278e+06 0 66237.7 1.01164e+06 1.53357e+06
473 1.44278e+06 845020 -778782 1.01164e+06 1.53357e+06
474 649122 845020 15399.9 1.01164e+06 1.53357e+06
475 1.15323e+06 340909 15399.9 1.01164e+06 1.53357e+06
476 1.15323e+06 340909 15399.9 1.01164e+06 1.53357e+06
477 1.15323e+06 245712 118167 1.01164e+06 1.53357e+06
478 1.44961e+06 0 59083.6 1.01577e+06 1.53357e+06
479 1.44961e+06 0 59083.6 1.01731e+06 1.5351e+06
480 1.44961e+06 0 59083.6 1.01731e+06 1.5351e+06
481 1.44961e+06 918775 -859692 1.01731e+06 1.5351e+06
482 649893 918775 -59525.9 1.01731e+06 1.5351e+06
483 1.18251e+06 386157 -59525.9 1.01731e+06 1.5351e+06
484 1.18251e+06 386157 -59525.9 1.01731e+06 1.5351e+06
485 1.18251e+06 333085 8462.74 1.01731e+06 1.5351e+06
486 1.5042e+06 0 4231.37 1.02822e+06 1.5351e+06
487 1.5042e+06 0 4231.37 1.02931e+06 1.53619e+06
488 1.5042e+06 0 4231.37 1.02931e+06 1.53619e+06
489 1.5042e+06 800911 -796679 1.02931e+06 1.53619e+06
490 661781 800911 46264.7 1.02931e+06 1.53619e+06
491 1.17813e+06 284567 46264.7 1.02931e+06 1.53619e+06
492 1.17813e+06 284567 46264.7 1.02931e+06 1.53619e+06
493 1.17813e+06 207140 129166 1.02931e+06 1.53619e+06
494 1.44315e+06 0 64583.2 1.03196e+06 1.53619e+06
495 1.44315e+06 0 64583.2 1.0335e+06 1.53773e+06
496 1.44315e+06 0 64583.2 1.0335e+06 1.53773e+06
497 1.44315e+06 833860 -769276 1.0335e+06 1.53773e+06
498 648604 833860 25745.9 1.0335e+06 1.53773e+06
499 1.15078e+06 331683 25745.9 1.0335e+06 1.53773e+06
500 1.15078e+06 331683 25745.9 1.0335e+06 1.53773e+06
501 1.15078e+06 236093 127887 1.0335e+06 1.53773e+06
502 1.44353e+06 0 63943.7 1.03608e+06 1.53773e+06
503 1.44353e+06 0 63943.7 1.03762e+06 1.53926e+06
504 1.44353e+06 0 63943.7 1.03762e+06 1.53926e+06
505 1.44353e+06 923486 -859542 1.03762e+06 1.53926e+06
506 648043 923486 -63676.4 1.03762e+06 1.53926e+06
507 1.17891e+06 392618 -63676.4 1.03762e+06 1.53926e+06
508 1.17891e+06 392618 -63676.4 1.03762e+06 1.53926e+06
509 1.17891e+06 333822 7732.73 1.03762e+06 1.53926e+06
510 1.50361e+06 0 3866.36 1.04568e+06 1.53926e+06
511 1.50361e+06 0 3866.36 1.04669e+06 1.54028e+06
512 1.50361e+06 0 3866.36 1.04669e+06 1.54028e+06
513 1.50361e+06 809746 -805880 1.04669e+06 1.54028e+06
514 661786 809746 36404.6 1.04669e+06 1.54028e+06
515 1.18155e+06 289985 36404.6 1.04669e+06 1.54028e+06
516 1.18155e+06 289985 36404.6 1.04669e+06 1.54028e+06
517 1.18155e+06 209600 122027 1.04669e+06 1.54028e+06
518 1.44636e+06 0 61013.3 1.0482e+06 1.54028e+06
519 1.44636e+06 0 61013.3 1.04974e+06 1.54182e+06
520 1.44636e+06 0 61013.3 1.04974e+06 1.54182e+06
521 1.44636e+06 827405 -766392 1.04974e+06 1.54182e+06
522 649789 827405 30596 1.04974e+06 1.54182e+06
523 1.1507e+06 326498 30596 1.04974e+06 1.54182e+06
524 1.1507e+06 326498 30596 1.04974e+06 1.54182e+06
525 1.1507e+06 232812 129107 1.04974e+06 1.54182e+06
526 1.44224e+06 0 64553.6 1.05065e+06 1.54182e+06
527 1.44224e+06 0 64553.6 1.05219e+06 1.54336e+06
528 1.44224e+06 0 64553.6 1.05219e+06 1.54336e+06
529 1.44224e+06 910367 -845813 1.05219e+06 1.54336e+06
530 647920 910367 -51175 1.05219e+06 1.54336e+06
531 1.17375e+06 384540 -51175 1.05219e+06 1.54336e+06
532 1.17375e+06 384540 -51175 1.05219e+06 1.54336e+06
533 1.17375e+06 322936 22393.1 1.05219e+06 1.54336e+06
534 1.49603e+06 0 11196.5 1.05882e+06 1.54336e+06
535 1.49603e+06 0 11196.5 1.06036e+06 1.5449e+06
536 1.49603e+06 0 11196.5 1.06036e+06 1.5449e+06
537 1.49603e+06 814174 -802977 1.06036e+06 1.5449e+06
538 660333 814174 33066.1 1.06036e+06 1.5449e+06
539 1.18124e+06 293266 33066.1 1.06036e+06 1.5449e+06
540 1.18124e+06 293266 33066.1 1.06036e+06 1.5449e+06
541 1.18124e+06 211804 119279 1.06036e+06 1.5449e+06
542 1.44753e+06 0 59639.5 1.06101e+06 1.5449e+06
543 1.44753e+06 0 59639.5 1.06255e+06 1.54645e+06
544 1.44753e+06 0 59639.5 1.06255e+06 1.54645e+06
545 1.44753e+06 829514 -769874 1.06255e+06 1.54645e+06
546 650192 829514 27802.2 1.06255e+06 1.54645e+06
547 1.15099e+06 328715 27802.2 1.06255e+06 1.54645e+06
548 1.15099e+06 328715 27802.2 1.06255e+06 1.54645e+06
549 1.15099e+06 234326 125797 1.06255e+06 1.54645e+06
550 1.44387e+06 0 62898.6 1.06189e+06 1.54645e+06
551 1.44387e+06 0 62898.6 1.06343e+06 1.54799e+06
552 1.44387e+06 0 62898.6 1.06343e+06 1.54799e+06
553 1.44387e+06 908577 -845678 1.06343e+06 1.54799e+06
554 648882 908577 -50438.2 1.06343e+06 1.54799e+06
555 1.1745e+06 382962 -50438.2 1.06343e+06 1.54799e+06
556 1.1745e+06 382962 -50438.2 1.06343e+06 1.54799e+06
557 1.1745e+06 328183 17524.7 1.06343e+06 1.54799e+06
558 1.49846e+06 0 8762.37 1.07085e+06 1.54799e+06
559 1.49846e+06 0 8762.37 1.07047e+06 1.54761e+06
560 1.49846e+06 0 8762.37 1.07047e+06 1.54761e+06
561 1.49846e+06 806251 -797489 1.07047e+06 1.54761e+06
562 660500 806251 40828 1.07047e+06 1.54761e+06
563 1.17967e+06 287082 40828 1.07047e+06 1.54761e+06
564 1.17967e+06 287082 40828 1.07047e+06 1.54761e+06
565 1.17967e+06 207628 125051 1.07047e+06 1.54761e+06
566 1.44514e+06 0 62525.4 1.07042e+06 1.54761e+06
567 1.44514e+06 0 62525.4 1.07191e+06 1.54911e+06
568 1.44514e+06 0 62525.4 1.07191e+06 1.54911e+06
569 1.44514e+06 835390 -772865 1.07191e+06 1.54911e+06
570 649057 835390 23511.3 1.07191e+06 1.54911e+06
571 1.15183e+06 332617 23511.3 1.07191e+06 1.54911e+06
572 1.15183e+06 332617 23511.3 1.07191e+06 1.54911e+06
573 1.15183e+06 235834 124244 1.07191e+06 1.54911e+06
574 1.44566e+06 0 62121.8 1.07083e+06 1.54911e+06
575 1.44566e+06 0 62121.8 1.07238e+06 1.55065e+06
576 1.44566e+06 0 62121.8 1.07238e+06 1.55065e+06
577 1.44566e+06 917983 -855861 1.07238e+06 1.55065e+06
578 649228 917983 -59208.2 1.07238e+06 1.55065e+06
579 1.17908e+06 388129 -59208.2 1.07238e+06 1.55065e+06
580 1.17908e+06 388129 -59208.2 1.07238e+06 1.55065e+06
581 1.17908e+06 339718 3901.94 1.07238e+06 1.55065e+06
582 1.50625e+06 0 1950.97 1.08101e+06 1.55065e+06
583 1.50625e+06 0 1950.97 1.0801e+06 1.54974e+06
584 1.50625e+06 0 1950.97 1.0801e+06 1.54974e+06
585 1.50625e+06 797108 -795157 1.0801e+06 1.54974e+06
586 663453 797108 47972.3 1.0801e+06 1.54974e+06
587 1.1799e+06 280662 47972.3 1.0801e+06 1.54974e+06
588 1.1799e+06 280662 47972.3 1.0801e+06 1.54974e+06
589 1.1799e+06 204685 127962 1.0801e+06 1.54974e+06
590 1.44394e+06 0 63980.9 1.07975e+06 1.54974e+06
591 1.44394e+06 0 63980.9 1.0813e+06 1.55129e+06
592 1.44394e+06 0 63980.9 1.0813e+06 1.55129e+06
593 1.44394e+06 826929 -762948 1.0813e+06 1.55129e+06
594 650017 826929 31270 1.0813e+06 1.55129e+06
595 1.15067e+06 326280 31270 1.0813e+06 1.55129e+06
596 1.15067e+06 326280 31270 1.0813e+06 1.55129e+06
597 1.15067e+06 237693 124763 1.0813e+06 1.55129e+06
598 1.44558e+06 0 62381.4 1.08087e+06 1.55129e+06
599 1.44558e+06 0 62381.4 1.08242e+06 1.55285e+06
600 1.44558e+06 0 62381.4 1.08242e+06 1.55285e+06
601 1.44558e+06 905661 -843279 1.08242e+06 1.55285e+06
602 649512 905661 -46977.7 1.08242e+06 1.55285e+06
603 1.17724e+06 377929 -46977.7 1.08242e+06 1.55285e+06
604 1.17724e+06 377929 -46977.7 1.08242e+06 1.55285e+06
605 1.17724e+06 326363 18034.9 1.08242e+06 1.55285e+06
606 1.49975e+06 0 9017.46 1.0893e+06 1.55285e+06
607 1.49975e+06 0 9017.46 1.08988e+06 1.55342e+06
608 1.49975e+06 0 9017.46 1.08988e+06 1.55342e+06
609 1.49975e+06 802833 -793815 1.08988e+06 1.55342e+06
610 661691 802833 44573.1 1.08988e+06 1.55342e+06
611 1.18066e+06 283868 44573.1 1.08988e+06 1.55342e+06
612 1.18066e+06 283868 44573.1 1.08988e+06 1.55342e+06
613 1.18066e+06 206163 126048 1.08988e+06 1.55342e+06
614 1.44583e+06 0 63024.2 1.08876e+06 1.55342e+06
615 1.44583e+06 0 63024.2 1.09032e+06 1.55498e+06
616 1.44583e+06 0 63024.2 1.09032e+06 1.55498e+06
617 1.44583e+06 833466 -770441 1.09032e+06 1.55498e+06
618 650335 833466 25321.5 1.09032e+06 1.55498e+06
619 1.15276e+06 331043 25321.5 1.09032e+06 1.55498e+06
620 1.15276e+06 331043 25321.5 1.09032e+06 1.55498e+06
621 1.15276e+06 235887 123652 1.09032e+06 1.55498e+06
622 1.44751e+06 0 61825.9 1.08775e+06 1.55498e+06
623 1.44751e+06 0 61825.9 1.08931e+06 1.55653e+06
624 1.44751e+06 0 61825.9 1.08931e+06 1.55653e+06
625 1.44751e+06 917101 -855275 1.08931e+06 1.55653e+06
626 650313 917101 -57882.1 1.08931e+06 1.55653e+06
627 1.18114e+06 386272 -57882.1 1.08931e+06 1.55653e+06
628 1.18114e+06 386272 -57882.1 1.08931e+06 1.55653e+06
629 1.18114e+06 340573 3013.02 1.08931e+06 1.55653e+06
630 1.50875e+06 0 1506.51 1.09752e+06 1.55653e+06
631 1.50875e+06 0 1506.51 1.09728e+06 1.55629e+06
632 1.50875e+06 0 1506.51 1.09728e+06 1.55629e+06
633 1.50875e+06 796805 -795298 1.09728e+06 1.55629e+06
634 663666 796805 50086.3 1.09728e+06 1.55629e+06
635 1.18139e+06 279078 50086.3 1.09728e+06 1.55629e+06
636 1.18139e+06 279078 50086.3 1.09728e+06 1.55629e+06
637 1.18139e+06 203877 128972 1.09728e+06 1.55629e+06
638 1.44596e+06 0 64486 1.09578e+06 1.55629e+06
639 1.44596e+06 0 64486 1.09734e+06 1.55784e+06
640 1.44596e+06 0 64486 1.09734e+06 1.55784e+06
641 1.44596e+06 827229 -762743 1.09734e+06 1.55784e+06
642 650339 827229 33129.3 1.09734e+06 1.55784e+06
643 1.15095e+06 326614 33129.3 1.09734e+06 1.55784e+06
644 1.15095e+06 326614 33129.3 1.09734e+06 1.55784e+06
645 1.15095e+06 231755 130286 1.09734e+06 1.55784e+06
646 1.44556e+06 0 65143.1 1.09397e+06 1.55784e+06
647 1.44556e+06 0 65143.1 1.09553e+06 1.5594e+06
648 1.44556e+06 0 65143.1 1.09553e+06 1.5594e+06
649 1.44556e+06 918842 -853699 1.09553e+06 1.5594e+06
650 650157 918842 -58117 1.09553e+06 1.5594e+06
651 1.17971e+06 389287 -58117 1.09553e+06 1.5594e+06
652 1.17971e+06 389287 -58117 1.09553e+06 1.5594e+06
653 1.17971e+06 343170 2271.89 1.09553e+06 1.5594e+06
654 1.51036e+06 0 1135.94 1.10286e+06 1.5594e+06
655 1.51036e+06 0 1135.94 1.1013e+06 1.55784e+06
656 1.51036e+06 0 1135.94 1.1013e+06 1.55784e+06
657 1.51036e+06 799006 -797870 1.1013e+06 1.55784e+06
658 664340 799006 48415.7 1.1013e+06 1.55784e+06
659 1.18366e+06 279681 48415.7 1.1013e+06 1.55784e+06
660 1.18366e+06 279681 48415.7 1.1013e+06 1.55784e+06
661 1.18366e+06 203346 127894 1.1013e+06 1.55784e+06
662 1.44758e+06 0 63947.2 1.09938e+06 1.55784e+06
663 1.44758e+06 0 63947.2 1.10048e+06 1.55895e+06
664 1.44758e+06 0 63947.2 1.10048e+06 1.55895e+06
665 1.44758e+06 827625 -763678 1.10048e+06 1.55895e+06
666 651399 827625 32729.9 1.10048e+06 1.55895e+06
667 1.15328e+06 325743 32729.9 1.10048e+06 1.55895e+06
668 1.15328e+06 325743 32729.9 1.10048e+06 1.55895e+06
669 1.15328e+06 232248 128711 1.10048e+06 1.55895e+06
670 1.44734e+06 0 64355.3 1.09728e+06 1.55895e+06
671 1.44734e+06 0 64355.3 1.09884e+06 1.5605e+06
672 1.44734e+06 0 64355.3 1.09884e+06 1.5605e+06
673 1.44734e+06 915196 -850840 1.09884e+06 1.5605e+06
674 650394 915196 -53740.6 1.09884e+06 1.5605e+06
675 1.18031e+06 385277 -53740.6 1.09884e+06 1.5605e+06
676 1.18031e+06 385277 -53740.6 1.09884e+06 1.5605e+06
677 1.18031e+06 340376 5848.91 1.09884e+06 1.5605e+06
678 1.5098e+06 0 2924.45 1.1062e+06 1.5605e+06
679 1.5098e+06 0 2924.45 1.10554e+06 1.55984e+06
680 1.5098e+06 0 2924.45 1.10554e+06 1.55984e+06
681 1.5098e+06 799039 -796115 1.10554e+06 1.55984e+06
682 664388 799039 49530.3 1.10554e+06 1.55984e+06
683 1.18445e+06 278980 49530.3 1.10554e+06 1.55984e+06
684 1.18445e+06 278980 49530.3 1.10554e+06 1.55984e+06
685 1.18445e+06 203532 127826 1.10554e+06 1.55984e+06
686 1.44894e+06 0 63913.1 1.10311e+06 1.55984e+06
687 1.44894e+06 0 63913.1 1.10467e+06 1.5614e+06
688 1.44894e+06 0 63913.1 1.10467e+06 1.5614e+06
689 1.44894e+06 828550 -764637 1.10467e+06 1.5614e+06
690 651755 828550 32755 1.10467e+06 1.5614e+06
691 1.15412e+06 326189 32755 1.10467e+06 1.5614e+06
692 1.15412e+06 326189 32755 1.10467e+06 1.5614e+06
693 1.15412e+06 243207 120642 1.10467e+06 1.5614e+06
694 1.45406e+06 0 60321 1.10225e+06 1.5614e+06
695 1.45406e+06 0 60321 1.10381e+06 1.56296e+06
696 1.45406e+06 0 60321 1.10381e+06 1.56296e+06
697 1.45406e+06 897525 -837204 1.10381e+06 1.56296e+06
698 652603 897525 -35596.9 1.10381e+06 1.56296e+06
699 1.18123e+06 368903 -35596.9 1.10381e+06 1.56296e+06
700 1.18123e+06 368903 -35596.9 1.10381e+06 1.56296e+06
701 1.18123e+06 321764 24786 1.10381e+06 1.56296e+06
702 1.50302e+06 0 12393 1.10973e+06 1.56296e+06
703 1.50302e+06 0 12393 1.10995e+06 1.56317e+06
704 1.50302e+06 0 12393 1.10995e+06 1.56317e+06
705 1.50302e+06 800111 -787718 1.10995e+06 1.56317e+06
706 662933 800111 52605.3 1.10995e+06 1.56317e+06
707 1.1829e+06 280143 52605.3 1.10995e+06 1.56317e+06
708 1.1829e+06 280143 52605.3 1.10995e+06 1.56317e+06
709 1.1829e+06 203502 132035 1.10995e+06 1.56317e+06
710 1.44993e+06 0 66017.5 1.10695e+06 1.56317e+06
711 1.44993e+06 0 66017.5 1.10852e+06 1.56474e+06
712 1.44993e+06 0 66017.5 1.10852e+06 1.56474e+06
713 1.44993e+06 847719 -781702 1.10852e+06 1.56474e+06
714 651912 847719 16484.1 1.10852e+06 1.56474e+06
715 1.16004e+06 339589 16484.1 1.10852e+06 1.56474e+06
716 1.16004e+06 339589 16484.1 1.10852e+06 1.56474e+06
717 1.16004e+06 259155 101829 1.10852e+06 1.56474e+06
718 1.4665e+06 0 50914.6 1.10612e+06 1.56474e+06
719 1.4665e+06 0 50914.6 1.10769e+06 1.5663e+06
720 1.4665e+06 0 50914.6 1.10769e+06 1.5663e+06
721 1.4665e+06 886814 -835899 1.10769e+06 1.5663e+06
722 655500 886814 -24759.9 1.10769e+06 1.5663e+06
723 1.18734e+06 354972 -24759.9 1.10769e+06 1.5663e+06
724 1.18734e+06 354972 -24759.9 1.10769e+06 1.5663e+06
725 1.18734e+06 308350 34112.3 1.10769e+06 1.5663e+06
726 1.50123e+06 0 17056.1 1.11286e+06 1.5663e+06
727 1.50123e+06 0 17056.1 1.11129e+06 1.56474e+06
728 1.50123e+06 0 17056.1 1.11129e+06 1.56474e+06
729 1.50123e+06 791676 -774620 1.11129e+06 1.56474e+06
730 663503 791676 63325.7 1.11129e+06 1.56474e+06
731 1.17919e+06 275991 63325.7 1.11129e+06 1.56474e+06
732 1.17919e+06 275991 63325.7 1.11129e+06 1.56474e+06
733 1.17919e+06 200358 141262 1.11129e+06 1.56474e+06
734 1.44794e+06 0 70630.9 1.10791e+06 1.56474e+06
735 1.44794e+06 0 70630.9 1.10948e+06 1.5663e+06
736 1.44794e+06 0 70630.9 1.10948e+06 1.5663e+06
737 1.44794e+06 864642 -794011 1.10948e+06 1.5663e+06
738 651996 864642 2094.12 1.10948e+06 1.5663e+06
739 1.16401e+06 352631 2094.12 1.10948e+06 1.5663e+06
740 1.16401e+06 352631 2094.12 1.10948e+06 1.5663e+06
741 1.16401e+06 296288 67548.8 1.10948e+06 1.5663e+06
742 1.48597e+06 0 33774.4 1.11107e+06 1.5663e+06
743 1.48597e+06 0 33774.4 1.11264e+06 1.56787e+06
744 1.48597e+06 0 33774.4 1.11264e+06 1.56787e+06
745 1.48597e+06 839106 -805332 1.11264e+06 1.56787e+06
746 660027 839106 20782.9 1.11264e+06 1.56787e+06
747 1.19296e+06 306176 20782.9 1.11264e+06 1.56787e+06
748 1.19296e+06 306176 20782.9 1.11264e+06 1.56787e+06
749 1.19296e+06 243623 88850.7 1.11264e+06 1.56787e+06
750 1.47532e+06 0 44425.3 1.11257e+06 1.56787e+06
751 1.47532e+06 0 44425.3 1.11216e+06 1.56746e+06
752 1.47532e+06 0 44425.3 1.11216e+06 1.56746e+06
753 1.47532e+06 815582 -771157 1.11216e+06 1.56746e+06
754 658002 815582 46317.8 1.11216e+06 1.56746e+06
755 1.17006e+06 303521 46317.8 1.11216e+06 1.56746e+06
756 1.17006e+06 303521 46317.8 1.11216e+06 1.56746e+06
757 1.17006e+06 253643 106213 1.11216e+06 1.56746e+06
758 1.46749e+06 0 53106.7 1.11488e+06 1.56746e+06
759 1.46749e+06 0 53106.7 1.11645e+06 1.56903e+06
760 1.46749e+06 0 53106.7 1.11645e+06 1.56903e+06
761 1.46749e+06 842129 -789022 1.11645e+06 1.56903e+06
762 655435 842129 23227 1.11645e+06 1.56903e+06
763 1.1761e+06 321466 23227 1.11645e+06 1.56903e+06
764 1.1761e+06 321466 23227 1.11645e+06 1.56903e+06
765 1.1761e+06 278705 79008.7 1.11645e+06 1.56903e+06
766 1.48203e+06 0 39504.4 1.1218e+06 1.56903e+06
767 1.48203e+06 0 39504.4 1.12337e+06 1.57059e+06
768 1.48203e+06 0 39504.4 1.12337e+06 1.57059e+06
769 1.48203e+06 831554 -792050 1.12337e+06 1.57059e+06
770 657860 831554 32383.2 1.12337e+06 1.57059e+06
771 1.18632e+06 303089 32383.2 1.12337e+06 1.57059e+06
772 1.18632e+06 303089 32383.2 1.12337e+06 1.57059e+06
773 1.18632e+06 256666 89249.9 1.12337e+06 1.57059e+06
774 1.47689e+06 0 44624.9 1.12739e+06 1.57059e+06
775 1.47689e+06 0 44624.9 1.12874e+06 1.57194e+06
776 1.47689e+06 0 44624.9 1.12874e+06 1.57194e+06
777 1.47689e+06 825383 -780759 1.12874e+06 1.57194e+06
778 656447 825383 39961.3 1.12874e+06 1.57194e+06
779 1.17757e+06 304265 39961.3 1.12874e+06 1.57194e+06
780 1.17757e+06 304265 39961.3 1.12874e+06 1.57194e+06
781 1.17757e+06 253843 99489.9 1.12874e+06 1.57194e+06
782 1.47199e+06 0 49744.9 1.13109e+06 1.57194e+06
783 1.47199e+06 0 49744.9 1.13266e+06 1.57351e+06
784 1.47199e+06 0 49744.9 1.13266e+06 1.57351e+06
785 1.47199e+06 847145 -797400 1.13266e+06 1.57351e+06
786 655230 847145 19631.5 1.13266e+06 1.57351e+06
787 1.181e+06 321377 19631.5 1.13266e+06 1.57351e+06
788 1.181e+06 321377 19631.5 1.13266e+06 1.57351e+06
789 1.181e+06 270809 78917.6 1.13266e+06 1.57351e+06
790 1.48218e+06 0 39458.8 1.13494e+06 1.57351e+06
791 1.48218e+06 0 39458.8 1.13623e+06 1.5748e+06
792 1.48218e+06 0 39458.8 1.13623e+06 1.5748e+06
793 1.48218e+06 834589 -795130 1.13623e+06 1.5748e+06
794 657638 834589 29694.5 1.13623e+06 1.5748e+06
795 1.18585e+06 306380 29694.5 1.13623e+06 1.5748e+06
796 1.18585e+06 306380 29694.5 1.13623e+06 1.5748e+06
797 1.18585e+06 243306 98361.6 1.13623e+06 1.5748e+06
798 1.47289e+06 0 49180.8 1.13528e+06 1.5748e+06
799 1.47289e+06 0 49180.8 1.13608e+06 1.5756e+06
800 1.47289e+06 0 49180.8 1.13608e+06 1.5756e+06
801 1.47289e+06 849183 -800002 1.13608e+06 1.5756e+06
802 655583 849183 17509.7 1.13608e+06 1.5756e+06
803 1.17879e+06 325980 17509.7 1.13608e+06 1.5756e+06
804 1.17879e+06 325980 17509.7 1.13608e+06 1.5756e+06
805 1.17879e+06 237263 107122 1.13608e+06 1.5756e+06
806 1.46934e+06 0 53560.9 1.13039e+06 1.5756e+06
807 1.46934e+06 0 53560.9 1.13094e+06 1.57614e+06
808 1.46934e+06 0 53560.9 1.13094e+06 1.57614e+06
809 1.46934e+06 902769 -849208 1.13094e+06 1.57614e+06
810 655078 902769 -34806.6 1.13094e+06 1.57614e+06
811 1.1906e+06 367245 -34806.6 1.13094e+06 1.57614e+06
812 1.1906e+06 367245 -34806.6 1.13094e+06 1.57614e+06
813 1.1906e+06 313765 27782.8 1.13094e+06 1.57614e+06
814 1.51036e+06 0 13891.4 1.13237e+06 1.57614e+06
815 1.51036e+06 0 13891.4 1.1308e+06 1.57457e+06
816 1.51036e+06 0 13891.4 1.1308e+06 1.57457e+06
817 1.51036e+06 808077 -794185 1.1308e+06 1.57457e+06
818 664480 808077 51859.7 1.1308e+06 1.57457e+06
819 1.18862e+06 283932 51859.7 1.1308e+06 1.57457e+06
820 1.18862e+06 283932 51859.7 1.1308e+06 1.57457e+06
821 1.18862e+06 231962 112519 1.1308e+06 1.57457e+06
822 1.46869e+06 0 56259.5 1.13237e+06 1.57457e+06
823 1.46869e+06 0 56259.5 1.13394e+06 1.57614e+06
824 1.46869e+06 0 56259.5 1.13394e+06 1.57614e+06
825 1.46869e+06 813677 -757417 1.13394e+06 1.57614e+06
826 654755 813677 56695.7 1.13394e+06 1.57614e+06
827 1.16284e+06 305596 56695.7 1.13394e+06 1.57614e+06
828 1.16284e+06 305596 56695.7 1.13394e+06 1.57614e+06
829 1.16284e+06 224328 139589 1.13394e+06 1.57614e+06
830 1.45558e+06 0 69794.4 1.12894e+06 1.57614e+06
831 1.45558e+06 0 69794.4 1.13052e+06 1.57772e+06
832 1.45558e+06 0 69794.4 1.13052e+06 1.57772e+06
833 1.45558e+06 929476 -859682 1.13052e+06 1.57772e+06
834 651143 929476 -55112.8 1.13052e+06 1.57772e+06
835 1.19003e+06 390587 -55112.8 1.13052e+06 1.57772e+06
836 1.19003e+06 390587 -55112.8 1.13052e+06 1.57772e+06
837 1.19003e+06 325362 16002.5 1.13052e+06 1.57772e+06
838 1.51892e+06 0 8001.27 1.12886e+06 1.57772e+06
839 1.51892e+06 0 8001.27 1.12775e+06 1.5766e+06
840 1.51892e+06 0 8001.27 1.12775e+06 1.5766e+06
841 1.51892e+06 840196 -832195 1.12775e+06 1.5766e+06
842 666092 840196 20740.1 1.12775e+06 1.5766e+06
843 1.20615e+06 300136 20740.1 1.12775e+06 1.5766e+06
844 1.20615e+06 300136 20740.1 1.12775e+06 1.5766e+06
845 1.20615e+06 215979 105216 1.12775e+06 1.5766e+06
846 1.4746e+06 0 52607.9 1.12257e+06 1.5766e+06
847 1.4746e+06 0 52607.9 1.12212e+06 1.57615e+06
848 1.4746e+06 0 52607.9 1.12212e+06 1.57615e+06
849 1.4746e+06 828349 -775741 1.12212e+06 1.57615e+06
850 657560 828349 41387.4 1.12212e+06 1.57615e+06
851 1.16652e+06 319389 41387.4 1.12212e+06 1.57615e+06
852 1.16652e+06 319389 41387.4 1.12212e+06 1.57615e+06
853 1.16652e+06 237156 123905 1.12212e+06 1.57615e+06
854 1.46526e+06 0 61952.3 1.11651e+06 1.57615e+06
855 1.46526e+06 0 61952.3 1.11809e+06 1.57773e+06
856 1.46526e+06 0 61952.3 1.11809e+06 1.57773e+06
857 1.46526e+06 887821 -825868 1.11809e+06 1.57773e+06
858 655392 887821 -15949.2 1.11809e+06 1.57773e+06
859 1.18196e+06 361256 -15949.2 1.11809e+06 1.57773e+06
860 1.18196e+06 361256 -15949.2 1.11809e+06 1.57773e+06
861 1.18196e+06 302567 49058.6 1.11809e+06 1.57773e+06
862 1.50412e+06 0 24529.3 1.11695e+06 1.57773e+06
863 1.50412e+06 0 24529.3 1.11852e+06 1.5793e+06
864 1.50412e+06 0 24529.3 1.11852e+06 1.5793e+06
865 1.50412e+06 820362 -795833 1.11852e+06 1.5793e+06
866 663854 820362 44491.4 1.11852e+06 1.5793e+06
867 1.19377e+06 290450 44491.4 1.11852e+06 1.5793e+06
868 1.19377e+06 290450 44491.4 1.11852e+06 1.5793e+06
869 1.19377e+06 210500 124658 1.11852e+06 1.5793e+06
870 1.46678e+06 0 62329.1 1.11307e+06 1.5793e+06
871 1.46678e+06 0 62329.1 1.11341e+06 1.57964e+06
872 1.46678e+06 0 62329.1 1.11341e+06 1.57964e+06
873 1.46678e+06 860214 -797885 1.11341e+06 1.57964e+06
874 656117 860214 12816 1.11341e+06 1.57964e+06
875 1.17214e+06 344188 12816 1.11341e+06 1.57964e+06
876 1.17214e+06 344188 12816 1.11341e+06 1.57964e+06
877 1.17214e+06 285340 77358.7 1.11341e+06 1.57964e+06
878 1.49188e+06 0 38679.3 1.11161e+06 1.57964e+06
879 1.49188e+06 0 38679.3 1.11319e+06 1.58122e+06
880 1.49188e+06 0 38679.3 1.11319e+06 1.58122e+06
881 1.49188e+06 845166 -806486 1.11319e+06 1.58122e+06
882 661364 845166 24065.1 1.11319e+06 1.58122e+06
883 1.19461e+06 311919 24065.1 1.11319e+06 1.58122e+06
884 1.19461e+06 311919 24065.1 1.11319e+06 1.58122e+06
885 1.19461e+06 272972 75136.8 1.11319e+06 1.58122e+06
886 1.49361e+06 0 37568.4 1.11829e+06 1.58122e+06
887 1.49361e+06 0 37568.4 1.11842e+06 1.58135e+06
888 1.49361e+06 0 37568.4 1.11842e+06 1.58135e+06
889 1.49361e+06 796563 -758995 1.11842e+06 1.58135e+06
890 661106 796563 73592.1 1.11842e+06 1.58135e+06
891 1.17826e+06 279408 73592.1 1.11842e+06 1.58135e+06
892 1.17826e+06 279408 73592.1 1.11842e+06 1.58135e+06
893 1.17826e+06 234634 126417 1.11842e+06 1.58135e+06
894 1.46802e+06 0 63208.7 1.12e+06 1.58135e+06
895 1.46802e+06 0 63208.7 1.12158e+06 1.58293e+06
896 1.46802e+06 0 63208.7 1.12158e+06 1.58293e+06
897 1.46802e+06 856459 -793251 1.12158e+06 1.58293e+06
898 654135 856459 20730.6 1.12158e+06 1.58293e+06
899 1.17828e+06 332310 20730.6 1.12158e+06 1.58293e+06
900 1.17828e+06 332310 20730.6 1.12158e+06 1.58293e+06
901 1.17828e+06 296109 71408.3 1.12158e+06 1.58293e+06
902 1.49653e+06 0 35704.1 1.12798e+06 1.58293e+06
903 1.49653e+06 0 35704.1 1.12924e+06 1.5842e+06
904 1.49653e+06 0 35704.1 1.12924e+06 1.5842e+06
905 1.49653e+06 847319 -811614 1.12924e+06 1.5842e+06
906 659409 847319 25684.1 1.12924e+06 1.5842e+06
907 1.20249e+06 304234 25684.1 1.12924e+06 1.5842e+06
908 1.20249e+06 304234 25684.1 1.12924e+06 1.5842e+06
909 1.20249e+06 260958 78858.2 1.12924e+06 1.5842e+06
910 1.49285e+06 0 39429.1 1.13276e+06 1.5842e+06
911 1.49285e+06 0 39429.1 1.13117e+06 1.58262e+06
912 1.49285e+06 0 39429.1 1.13117e+06 1.58262e+06
913 1.49285e+06 817869 -778440 1.13117e+06 1.58262e+06
914 658111 817869 56547.6 1.13117e+06 1.58262e+06
915 1.18329e+06 292690 56547.6 1.13117e+06 1.58262e+06
916 1.18329e+06 292690 56547.6 1.13117e+06 1.58262e+06
917 1.18329e+06 237411 116795 1.13117e+06 1.58262e+06
918 1.47411e+06 0 58397.5 1.12975e+06 1.58262e+06
919 1.47411e+06 0 58397.5 1.13133e+06 1.5842e+06
920 1.47411e+06 0 58397.5 1.13133e+06 1.5842e+06
921 1.47411e+06 869197 -810800 1.13133e+06 1.5842e+06
922 653772 869197 9712.88 1.13133e+06 1.5842e+06
923 1.18485e+06 338117 9712.88 1.13133e+06 1.5842e+06
924 1.18485e+06 338117 9712.88 1.13133e+06 1.5842e+06
925 1.18485e+06 296700 62741.1 1.13133e+06 1.5842e+06
926 1.50211e+06 0 31370.5 1.13513e+06 1.5842e+06
927 1.50211e+06 0 31370.5 1.13671e+06 1.58578e+06
928 1.50211e+06 0 31370.5 1.13671e+06 1.58578e+06
929 1.50211e+06 834111 -802740 1.13671e+06 1.58578e+06
930 659124 834111 40469.9 1.13671e+06 1.58578e+06
931 1.19864e+06 294599 40469.9 1.13671e+06 1.58578e+06
932 1.19864e+06 294599 40469.9 1.13671e+06 1.58578e+06
933 1.19864e+06 219647 116159 1.13671e+06 1.58578e+06
934 1.47613e+06 0 58079.7 1.13123e+06 1.58578e+06
935 1.47613e+06 0 58079.7 1.13086e+06 1.58541e+06
936 1.47613e+06 0 58079.7 1.13086e+06 1.58541e+06
937 1.47613e+06 876922 -818842 1.13086e+06 1.58541e+06
938 654140 876922 3282.27 1.13086e+06 1.58541e+06
939 1.18347e+06 347588 3282.27 1.13086e+06 1.58541e+06
940 1.18347e+06 347588 3282.27 1.13086e+06 1.58541e+06
941 1.18347e+06 293493 63890.3 1.13086e+06 1.58541e+06
942 1.50373e+06 0 31945.2 1.1296e+06 1.58541e+06
943 1.50373e+06 0 31945.2 1.13118e+06 1.58699e+06
944 1.50373e+06 0 31945.2 1.13118e+06 1.58699e+06
945 1.50373e+06 837083 -805137 1.13118e+06 1.58699e+06
946 660715 837083 37999.2 1.13118e+06 1.58699e+06
947 1.19817e+06 299626 37999.2 1.13118e+06 1.58699e+06
948 1.19817e+06 299626 37999.2 1.13118e+06 1.58699e+06
949 1.19817e+06 227438 111005 1.13118e+06 1.58699e+06
950 1.48059e+06 0 55502.6 1.12607e+06 1.58699e+06
951 1.48059e+06 0 55502.6 1.12684e+06 1.58776e+06
952 1.48059e+06 0 55502.6 1.12684e+06 1.58776e+06
953 1.48059e+06 861727 -806225 1.12684e+06 1.58776e+06
954 657112 861727 17334.5 1.12684e+06 1.58776e+06
955 1.18273e+06 336111 17334.5 1.12684e+06 1.58776e+06
956 1.18273e+06 336111 17334.5 1.12684e+06 1.58776e+06
957 1.18273e+06 266494 87726.8 1.12684e+06 1.58776e+06
958 1.49239e+06 0 43863.4 1.1217e+06 1.58776e+06
959 1.49239e+06 0 43863.4 1.12329e+06 1.58935e+06
960 1.49239e+06 0 43863.4 1.12329e+06 1.58935e+06
961 1.49239e+06 868704 -824841 1.12329e+06 1.58935e+06
962 659823 868704 7775.05 1.12329e+06 1.58935e+06
963 1.19819e+06 330341 7775.05 1.12329e+06 1.58935e+06
964 1.19819e+06 330341 7775.05 1.12329e+06 1.58935e+06
965 1.19819e+06 285658 61337.7 1.12329e+06 1.58935e+06
966 1.50686e+06 0 30668.9 1.12471e+06 1.58935e+06
967 1.50686e+06 0 30668.9 1.12531e+06 1.58995e+06
968 1.50686e+06 0 30668.9 1.12531e+06 1.58995e+06
969 1.50686e+06 802744 -772075 1.12531e+06 1.58995e+06
970 662349 802744 72512.3 1.12531e+06 1.58995e+06
971 1.18776e+06 277330 72512.3 1.12531e+06 1.58995e+06
972 1.18776e+06 277330 72512.3 1.12531e+06 1.58995e+06
973 1.18776e+06 206476 143366 1.12531e+06 1.58995e+06
974 1.46618e+06 0 71683 1.11946e+06 1.58995e+06
975 1.46618e+06 0 71683 1.12105e+06 1.59154e+06
976 1.46618e+06 0 71683 1.12105e+06 1.59154e+06
977 1.46618e+06 892614 -820931 1.12105e+06 1.59154e+06
978 653661 892614 -8361.84 1.12105e+06 1.59154e+06
979 1.18141e+06 364862 -8361.84 1.12105e+06 1.59154e+06
980 1.18141e+06 364862 -8361.84 1.12105e+06 1.59154e+06
981 1.18141e+06 315977 47929.3 1.12105e+06 1.59154e+06
982 1.51531e+06 0 23964.6 1.12079e+06 1.59154e+06
983 1.51531e+06 0 23964.6 1.12238e+06 1.59313e+06
984 1.51531e+06 0 23964.6 1.12238e+06 1.59313e+06
985 1.51531e+06 840496 -816532 1.12238e+06 1.59313e+06
986 664772 840496 34057 1.12238e+06 1.59313e+06
987 1.21261e+06 292653 34057 1.12238e+06 1.59313e+06
988 1.21261e+06 292653 34057 1.12238e+06 1.59313e+06
989 1.21261e+06 223293 103417 1.12238e+06 1.59313e+06
990 1.48792e+06 0 51708.6 1.11705e+06 1.59313e+06
991 1.48792e+06 0 51708.6 1.11546e+06 1.59154e+06
992 1.48792e+06 0 51708.6 1.11546e+06 1.59154e+06
993 1.48792e+06 839425 -787717 1.11546e+06 1.59154e+06
994 659566 839425 40675.3 1.11546e+06 1.59154e+06
995 1.17967e+06 319320 40675.3 1.11546e+06 1.59154e+06
996 1.17967e+06 319320 40675.3 1.11546e+06 1.59154e+06
997 1.17967e+06 268471 97421.7 1.11546e+06 1.59154e+06
998 1.49239e+06 0 48710.8 1.11384e+06 1.59154e+06
999 1.49239e+06 0 48710.8 1.11544e+06 1.59313e+06
1000 1.49239e+06 0 48710.8 1.11544e+06 1.59313e+06
1001 1.49239e+06 856306 -807595 1.11544e+06 1.59313e+06
1002 659958 856306 24880.4 1.11544e+06 1.59313e+06
1003 1.19529e+06 320978 24880.4 1.11544e+06 1.59313e+06
1004 1.19529e+06 320978 24880.4 1.11544e+06 1.59313e+06
1005 1.19529e+06 284860 72796 1.11544e+06 1.59313e+06
1006 1.50556e+06 0 36398 1.11993e+06 1.59313e+06
1007 1.50556e+06 0 36398 1.12107e+06 1.59427e+06
1008 1.50556e+06 0 36398 1.12107e+06 1.59427e+06
1009 1.50556e+06 822744 -786346 1.12107e+06 1.59427e+06
1010 661722 822744 57573.4 1.12107e+06 1.59427e+06
1011 1.19541e+06 289058 57573.4 1.12107e+06 1.59427e+06
1012 1.19541e+06 289058 57573.4 1.12107e+06 1.59427e+06
1013 1.19541e+06 248164 106161 1.12107e+06 1.59427e+06
1014 1.48888e+06 0 53080.5 1.12258e+06 1.59427e+06
1015 1.48888e+06 0 53080.5 1.12418e+06 1.59586e+06
1016 1.48888e+06 0 53080.5 1.12418e+06 1.59586e+06
1017 1.48888e+06 841397 -788316 1.12418e+06 1.59586e+06
1018 657324 841397 43351.7 1.12418e+06 1.59586e+06
1019 1.18646e+06 312265 43351.7 1.12418e+06 1.59586e+06
1020 1.18646e+06 312265 43351.7 1.12418e+06 1.59586e+06
1021 1.18646e+06 275996 91331.9 1.12418e+06 1.59586e+06
1022 1.49743e+06 0 45666 1.12805e+06 1.59586e+06
1023 1.49743e+06 0 45666 1.12965e+06 1.59746e+06
1024 1.49743e+06 0 45666 1.12965e+06 1.59746e+06
1025 1.49743e+06 856876 -811210 1.12965e+06 1.59746e+06
1026 657699 856876 28693.9 1.12965e+06 1.59746e+06
1027 1.20053e+06 314044 28693.9 1.12965e+06 1.59746e+06
1028 1.20053e+06 314044 28693.9 1.12965e+06 1.59746e+06
1029 1.20053e+06 277136 76332.6 1.12965e+06 1.59746e+06
1030 1.50534e+06 0 38166.3 1.13349e+06 1.59746e+06
1031 1.50534e+06 0 38166.3 1.13337e+06 1.59734e+06
1032 1.50534e+06 0 38166.3 1.13337e+06 1.59734e+06
1033 1.50534e+06 833094 -794927 1.13337e+06 1.59734e+06
1034 658894 833094 51735.5 1.13337e+06 1.59734e+06
1035 1.19682e+06 295170 51735.5 1.13337e+06 1.59734e+06
1036 1.19682e+06 295170 51735.5 1.13337e+06 1.59734e+06
1037 1.19682e+06 248888 104253 1.13337e+06 1.59734e+06
1038 1.49179e+06 0 52126.5 1.13306e+06 1.59734e+06
1039 1.49179e+06 0 52126.5 1.13466e+06 1.59893e+06
1040 1.49179e+06 0 52126.5 1.13466e+06 1.59893e+06
1041 1.49179e+06 851911 -799784 1.13466e+06 1.59893e+06
1042 656349 851911 35847.3 1.13466e+06 1.59893e+06
1043 1.18965e+06 318606 35847.3 1.13466e+06 1.59893e+06
1044 1.18965e+06 318606 35847.3 1.13466e+06 1.59893e+06
1045 1.18965e+06 274838 87794.4 1.13466e+06 1.59893e+06
1046 1.50122e+06 0 43897.2 1.13521e+06 1.59893e+06
1047 1.50122e+06 0 43897.2 1.13606e+06 1.59978e+06
1048 1.50122e+06 0 43897.2 1.13606e+06 1.59978e+06
1049 1.50122e+06 858409 -814512 1.13606e+06 1.59978e+06
1050 657569 858409 29332.3 1.13606e+06 1.59978e+06
1051 1.20128e+06 314701 29332.3 1.13606e+06 1.59978e+06
1052 1.20128e+06 314701 29332.3 1.13606e+06 1.59978e+06
1053 1.20128e+06 270230 81935.6 1.13606e+06 1.59978e+06
1054 1.50546e+06 0 40967.8 1.13665e+06 1.59978e+06
1055 1.50546e+06 0 40967.8 1.13553e+06 1.59867e+06
1056 1.50546e+06 0 40967.8 1.13553e+06 1.59867e+06
1057 1.50546e+06 840780 -799812 1.13553e+06 1.59867e+06
1058 658400 840780 47446.7 1.13553e+06 1.59867e+06
1059 1.19602e+06 303158 47446.7 1.13553e+06 1.59867e+06
1060 1.19602e+06 303158 47446.7 1.13553e+06 1.59867e+06
1061 1.19602e+06 235155 115449 1.13553e+06 1.59867e+06
1062 1.48917e+06 0 57724.7 1.12953e+06 1.59867e+06
1063 1.48917e+06 0 57724.7 1.12952e+06 1.59866e+06
1064 1.48917e+06 0 57724.7 1.12952e+06 1.59866e+06
1065 1.48917e+06 890801 -833076 1.12952e+06 1.59866e+06
1066 655617 890801 586.106 1.12952e+06 1.59866e+06
1067 1.19691e+06 349511 586.106 1.12952e+06 1.59866e+06
1068 1.19691e+06 349511 586.106 1.12952e+06 1.59866e+06
1069 1.19691e+06 304833 53480.1 1.12952e+06 1.59866e+06
1070 1.52164e+06 0 26740 1.12997e+06 1.59866e+06
1071 1.52164e+06 0 26740 1.12967e+06 1.59835e+06
1072 1.52164e+06 0 26740 1.12967e+06 1.59835e+06
1073 1.52164e+06 830461 -803721 1.12967e+06 1.59835e+06
1074 662362 830461 55675.7 1.12967e+06 1.59835e+06
1075 1.20673e+06 286095 55675.7 1.12967e+06 1.59835e+06
1076 1.20673e+06 286095 55675.7 1.12967e+06 1.59835e+06
1077 1.20673e+06 242202 107513 1.12967e+06 1.59835e+06
1078 1.49551e+06 0 53756.3 1.13057e+06 1.59835e+06
1079 1.49551e+06 0 53756.3 1.1305e+06 1.59828e+06
1080 1.49551e+06 0 53756.3 1.1305e+06 1.59828e+06
1081 1.49551e+06 835016 -781259 1.1305e+06 1.59828e+06
1082 656127 835016 58253.3 1.1305e+06 1.59828e+06
1083 1.18211e+06 309033 58253.3 1.1305e+06 1.59828e+06
1084 1.18211e+06 309033 58253.3 1.1305e+06 1.59828e+06
1085 1.18211e+06 253201 116917 1.1305e+06 1.59828e+06
1086 1.49098e+06 0 58458.3 1.12701e+06 1.59828e+06
1087 1.49098e+06 0 58458.3 1.12861e+06 1.59988e+06
1088 1.49098e+06 0 58458.3 1.12861e+06 1.59988e+06
1089 1.49098e+06 901161 -842703 1.12861e+06 1.59988e+06
1090 655165 901161 -6783.57 1.12861e+06 1.59988e+06
1091 1.20502e+06 351308 -6783.57 1.12861e+06 1.59988e+06
1092 1.20502e+06 351308 -6783.57 1.12861e+06 1.59988e+06
1093 1.20502e+06 307636 45225.3 1.12861e+06 1.59988e+06
1094 1.52801e+06 0 22612.6 1.12957e+06 1.59988e+06
1095 1.52801e+06 0 22612.6 1.12852e+06 1.59883e+06
1096 1.52801e+06 0 22612.6 1.12852e+06 1.59883e+06
1097 1.52801e+06 833998 -811386 1.12852e+06 1.59883e+06
1098 663703 833998 53030.6 1.12852e+06 1.59883e+06
1099 1.21224e+06 285459 53030.6 1.12852e+06 1.59883e+06
1100 1.21224e+06 285459 53030.6 1.12852e+06 1.59883e+06
1101 1.21224e+06 220309 118180 1.12852e+06 1.59883e+06
1102 1.49172e+06 0 59089.9 1.12306e+06 1.59883e+06
1103 1.49172e+06 0 59089.9 1.12347e+06 1.59924e+06
1104 1.49172e+06 0 59089.9 1.12347e+06 1.59924e+06
1105 1.49172e+06 861011 -801922 1.12347e+06 1.59924e+06
1106 656427 861011 33449.2 1.12347e+06 1.59924e+06
1107 1.18533e+06 332110 33449.2 1.12347e+06 1.59924e+06
1108 1.18533e+06 332110 33449.2 1.12347e+06 1.59924e+06
1109 1.18533e+06 269849 96995 1.12347e+06 1.59924e+06
1110 1.50326e+06 0 48497.5 1.11806e+06 1.59924e+06
1111 1.50326e+06 0 48497.5 1.11965e+06 1.60084e+06
1112 1.50326e+06 0 48497.5 1.11965e+06 1.60084e+06
1113 1.50326e+06 889588 -841090 1.11965e+06 1.60084e+06
1114 658942 889588 3279.39 1.11965e+06 1.60084e+06
1115 1.20958e+06 338945 3279.39 1.11965e+06 1.60084e+06
1116 1.20958e+06 338945 3279.39 1.11965e+06 1.60084e+06
1117 1.20958e+06 302289 51014.6 1.11965e+06 1.60084e+06
1118 1.52733e+06 0 25507.3 1.12336e+06 1.60084e+06
1119 1.52733e+06 0 25507.3 1.12295e+06 1.60042e+06
1120 1.52733e+06 0 25507.3 1.12295e+06 1.60042e+06
1121 1.52733e+06 815494 -789987 1.12295e+06 1.60042e+06
1122 663101 815494 74323 1.12295e+06 1.60042e+06
1123 1.20223e+06 276368 74323 1.12295e+06 1.60042e+06
1124 1.20223e+06 276368 74323 1.12295e+06 1.60042e+06
1125 1.20223e+06 214012 136678 1.12295e+06 1.60042e+06
1126 1.48466e+06 0 68339.1 1.11741e+06 1.60042e+06
1127 1.48466e+06 0 68339.1 1.11901e+06 1.60202e+06
1128 1.48466e+06 0 68339.1 1.11901e+06 1.60202e+06
1129 1.48466e+06 881953 -813614 1.11901e+06 1.60202e+06
1130 653621 881953 17481.4 1.11901e+06 1.60202e+06
1131 1.1865e+06 349077 17481.4 1.11901e+06 1.60202e+06
1132 1.1865e+06 349077 17481.4 1.11901e+06 1.60202e+06
1133 1.1865e+06 297025 73770.4 1.11901e+06 1.60202e+06
1134 1.51744e+06 0 36885.2 1.11599e+06 1.60202e+06
1135 1.51744e+06 0 36885.2 1.11759e+06 1.60363e+06
1136 1.51744e+06 0 36885.2 1.11759e+06 1.60363e+06
1137 1.51744e+06 873514 -836629 1.11759e+06 1.60363e+06
1138 661168 873514 19683.4 1.11759e+06 1.60363e+06
1139 1.21761e+06 317070 19683.4 1.11759e+06 1.60363e+06
1140 1.21761e+06 317070 19683.4 1.11759e+06 1.60363e+06
1141 1.21761e+06 280367 66862.1 1.11759e+06 1.60363e+06
1142 1.52187e+06 0 33431 1.12104e+06 1.60363e+06
1143 1.52187e+06 0 33431 1.11944e+06 1.60202e+06
1144 1.52187e+06 0 33431 1.11944e+06 1.60202e+06
1145 1.52187e+06 809294 -775863 1.11944e+06 1.60202e+06
1146 662018 809294 84068.2 1.11944e+06 1.60202e+06
1147 1.19465e+06 276666 84068.2 1.11944e+06 1.60202e+06
1148 1.19465e+06 276666 84068.2 1.11944e+06 1.60202e+06
1149 1.19465e+06 215683 145051 1.11944e+06 1.60202e+06
1150 1.4829e+06 0 72525.7 1.11385e+06 1.60202e+06
1151 1.4829e+06 0 72525.7 1.11546e+06 1.60362e+06
1152 1.4829e+06 0 72525.7 1.11546e+06 1.60362e+06
1153 1.4829e+06 903086 -830560 1.11546e+06 1.60362e+06
1154 653871 903086 -1482.64 1.11546e+06 1.60362e+06
1155 1.19352e+06 363434 -1482.64 1.11546e+06 1.60362e+06
1156 1.19352e+06 363434 -1482.64 1.11546e+06 1.60362e+06
1157 1.19352e+06 320481 49232.5 1.11546e+06 1.60362e+06
1158 1.53196e+06 0 24616.2 1.11592e+06 1.60362e+06
1159 1.53196e+06 0 24616.2 1.11736e+06 1.60506e+06
1160 1.53196e+06 0 24616.2 1.11736e+06 1.60506e+06
1161 1.53196e+06 855142 -830526 1.11736e+06 1.60506e+06
1162 664573 855142 36921.6 1.11736e+06 1.60506e+06
1163 1.2249e+06 294811 36921.6 1.11736e+06 1.60506e+06
1164 1.2249e+06 294811 36921.6 1.11736e+06 1.60506e+06
1165 1.2249e+06 234417 97316 1.11736e+06 1.60506e+06
1166 1.50817e+06 0 48658 1.11231e+06 1.60506e+06
1167 1.50817e+06 0 48658 1.1107e+06 1.60345e+06
1168 1.50817e+06 0 48658 1.1107e+06 1.60345e+06
1169 1.50817e+06 839378 -790720 1.1107e+06 1.60345e+06
1170 660099 839378 57390.9 1.1107e+06 1.60345e+06
1171 1.18961e+06 309869 57390.9 1.1107e+06 1.60345e+06
1172 1.18961e+06 309869 57390.9 1.1107e+06 1.60345e+06
1173 1.18961e+06 265863 107542 1.1107e+06 1.60345e+06
1174 1.50416e+06 0 53771.2 1.10976e+06 1.60345e+06
1175 1.50416e+06 0 53771.2 1.11136e+06 1.60506e+06
1176 1.50416e+06 0 53771.2 1.11136e+06 1.60506e+06
1177 1.50416e+06 870733 -816961 1.11136e+06 1.60506e+06
1178 658596 870733 28643.7 1.11136e+06 1.60506e+06
1179 1.20325e+06 326082 28643.7 1.11136e+06 1.60506e+06
1180 1.20325e+06 326082 28643.7 1.11136e+06 1.60506e+06
1181 1.20325e+06 292418 73478.5 1.11136e+06 1.60506e+06
1182 1.5218e+06 0 36739.3 1.11558e+06 1.60506e+06
1183 1.5218e+06 0 36739.3 1.11662e+06 1.6061e+06
1184 1.5218e+06 0 36739.3 1.11662e+06 1.6061e+06
1185 1.5218e+06 844900 -808160 1.11662e+06 1.6061e+06
1186 661850 844900 51892.2 1.11662e+06 1.6061e+06
1187 1.21062e+06 296133 51892.2 1.11662e+06 1.6061e+06
1188 1.21062e+06 296133 51892.2 1.11662e+06 1.6061e+06
1189 1.21062e+06 262501 96016.8 1.11662e+06 1.6061e+06
1190 1.51058e+06 0 48008.4 1.12082e+06 1.6061e+06
1191 1.51058e+06 0 48008.4 1.12171e+06 1.607e+06
1192 1.51058e+06 0 48008.4 1.12171e+06 1.607e+06
1193 1.51058e+06 841274 -793266 1.12171e+06 1.607e+06
1194 658647 841274 58826.7 1.12171e+06 1.607e+06
1195 1.19701e+06 302907 58826.7 1.12171e+06 1.607e+06
1196 1.19701e+06 302907 58826.7 1.12171e+06 1.607e+06
1197 1.19701e+06 270062 102556 1.12171e+06 1.607e+06
1198 1.5074e+06 0 51277.8 1.1259e+06 1.607e+06
1199 1.5074e+06 0 51277.8 1.12751e+06 1.60861e+06
1200 1.5074e+06 0 51277.8 1.12751e+06 1.60861e+06
1201 1.5074e+06 867993 -816715 1.12751e+06 1.60861e+06
1202 656166 867993 34736.1 1.12751e+06 1.60861e+06
1203 1.20505e+06 319112 34736.1 1.12751e+06 1.60861e+06
1204 1.20505e+06 319112 34736.1 1.12751e+06 1.60861e+06
1205 1.20505e+06 285863 78243.8 1.12751e+06 1.60861e+06
1206 1.51921e+06 0 39121.9 1.13163e+06 1.60861e+06
1207 1.51921e+06 0 39121.9 1.13245e+06 1.60943e+06
1208 1.51921e+06 0 39121.9 1.13245e+06 1.60943e+06
1209 1.51921e+06 852321 -813199 1.13245e+06 1.60943e+06
1210 657741 852321 48534.7 1.13245e+06 1.60943e+06
1211 1.20924e+06 300823 48534.7 1.13245e+06 1.60943e+06
1212 1.20924e+06 300823 48534.7 1.13245e+06 1.60943e+06
1213 1.20924e+06 263048 94428.4 1.13245e+06 1.60943e+06
1214 1.51133e+06 0 47214.2 1.13416e+06 1.60943e+06
1215 1.51133e+06 0 47214.2 1.13487e+06 1.61014e+06
1216 1.51133e+06 0 47214.2 1.13487e+06 1.61014e+06
1217 1.51133e+06 851971 -804757 1.13487e+06 1.61014e+06
1218 655821 851971 50998.4 1.13487e+06 1.61014e+06
1219 1.19971e+06 308081 50998.4 1.13487e+06 1.61014e+06
1220 1.19971e+06 308081 50998.4 1.13487e+06 1.61014e+06
1221 1.19971e+06 269134 97206.8 1.13487e+06 1.61014e+06
1222 1.51004e+06 0 48603.4 1.13567e+06 1.61014e+06
1223 1.51004e+06 0 48603.4 1.13728e+06 1.61175e+06
1224 1.51004e+06 0 48603.4 1.13728e+06 1.61175e+06
1225 1.51004e+06 867219 -818616 1.13728e+06 1.61175e+06
1226 654792 867219 36856 1.13728e+06 1.61175e+06
1227 1.20479e+06 317221 36856 1.13728e+06 1.61175e+06
1228 1.20479e+06 317221 36856 1.13728e+06 1.61175e+06
1229 1.20479e+06 277764 83488.2 1.13728e+06 1.61175e+06
1230 1.51705e+06 0 41744.1 1.13801e+06 1.61175e+06
1231 1.51705e+06 0 41744.1 1.13955e+06 1.61328e+06
1232 1.51705e+06 0 41744.1 1.13955e+06 1.61328e+06
1233 1.51705e+06 857431 -815687 1.13955e+06 1.61328e+06
1234 655834 857431 45735.1 1.13955e+06 1.61328e+06
1235 1.20665e+06 306616 45735.1 1.13955e+06 1.61328e+06
1236 1.20665e+06 306616 45735.1 1.13955e+06 1.61328e+06
1237 1.20665e+06 260052 96441.6 1.13955e+06 1.61328e+06
1238 1.51102e+06 0 48220.8 1.13729e+06 1.61328e+06
1239 1.51102e+06 0 48220.8 1.13883e+06 1.61482e+06
1240 1.51102e+06 0 48220.8 1.13883e+06 1.61482e+06
1241 1.51102e+06 863874 -815653 1.13883e+06 1.61482e+06
1242 654546 863874 40995.2 1.13883e+06 1.61482e+06
1243 1.20151e+06 316909 40995.2 1.13883e+06 1.61482e+06
1244 1.20151e+06 316909 40995.2 1.13883e+06 1.61482e+06
1245 1.20151e+06 258522 99382.6 1.13883e+06 1.61482e+06
1246 1.51018e+06 0 49691.3 1.13264e+06 1.61482e+06
1247 1.51018e+06 0 49691.3 1.13425e+06 1.61644e+06
1248 1.51018e+06 0 49691.3 1.13425e+06 1.61644e+06
1249 1.51018e+06 886209 -836517 1.13425e+06 1.61644e+06
1250 654946 886209 18810.3 1.13425e+06 1.61644e+06
1251 1.20785e+06 333305 18810.3 1.13425e+06 1.61644e+06
1252 1.20785e+06 333305 18810.3 1.13425e+06 1.61644e+06
1253 1.20785e+06 274649 77466.9 1.13425e+06 1.61644e+06
1254 1.52199e+06 0 38733.5 1.12804e+06 1.61644e+06
1255 1.52199e+06 0 38733.5 1.12878e+06 1.61718e+06
1256 1.52199e+06 0 38733.5 1.12878e+06 1.61718e+06
1257 1.52199e+06 864318 -825585 1.12878e+06 1.61718e+06
1258 658194 864318 38275.9 1.12878e+06 1.61718e+06
1259 1.20951e+06 313000 38275.9 1.12878e+06 1.61718e+06
1260 1.20951e+06 313000 38275.9 1.12878e+06 1.61718e+06
1261 1.20951e+06 253851 98297.8 1.12878e+06 1.61718e+06
1262 1.51337e+06 0 49148.9 1.12264e+06 1.61718e+06
1263 1.51337e+06 0 49148.9 1.12382e+06 1.61835e+06
1264 1.51337e+06 0 49148.9 1.12382e+06 1.61835e+06
1265 1.51337e+06 867098 -817949 1.12382e+06 1.61835e+06
1266 656858 867098 38600.9 1.12382e+06 1.61835e+06
1267 1.2009e+06 323061 38600.9 1.12382e+06 1.61835e+06
1268 1.2009e+06 323061 38600.9 1.12382e+06 1.61835e+06
1269 1.2009e+06 277666 88925.3 1.12382e+06 1.61835e+06
1270 1.51975e+06 0 44462.7 1.1213e+06 1.61835e+06
1271 1.51975e+06 0 44462.7 1.12291e+06 1.61997e+06
1272 1.51975e+06 0 44462.7 1.12291e+06 1.61997e+06
1273 1.51975e+06 859975 -815512 1.12291e+06 1.61997e+06
1274 658653 859975 45621.1 1.12291e+06 1.61997e+06
1275 1.2075e+06 311124 45621.1 1.12291e+06 1.61997e+06
1276 1.2075e+06 311124 45621.1 1.12291e+06 1.61997e+06
1277 1.2075e+06 277889 89394.6 1.12291e+06 1.61997e+06
1278 1.52069e+06 0 44697.3 1.12598e+06 1.61997e+06
1279 1.52069e+06 0 44697.3 1.1276e+06 1.62159e+06
1280 1.52069e+06 0 44697.3 1.1276e+06 1.62159e+06
1281 1.52069e+06 848876 -804178 1.1276e+06 1.62159e+06
1282 657991 848876 58584.8 1.1276e+06 1.62159e+06
1283 1.20461e+06 302256 58584.8 1.1276e+06 1.62159e+06
1284 1.20461e+06 302256 58584.8 1.1276e+06 1.62159e+06
1285 1.20461e+06 269104 102462 1.1276e+06 1.62159e+06
1286 1.51473e+06 0 51230.8 1.13123e+06 1.62159e+06
1287 1.51473e+06 0 51230.8 1.13286e+06 1.62321e+06
1288 1.51473e+06 0 51230.8 1.13286e+06 1.62321e+06
1289 1.51473e+06 867694 -816463 1.13286e+06 1.62321e+06
1290 655497 867694 42878.3 1.13286e+06 1.62321e+06
1291 1.2061e+06 317090 42878.3 1.13286e+06 1.62321e+06
1292 1.2061e+06 317090 42878.3 1.13286e+06 1.62321e+06
1293 1.2061e+06 286649 86566.1 1.13286e+06 1.62321e+06
1294 1.5236e+06 0 43283.1 1.13836e+06 1.62321e+06
1295 1.5236e+06 0 43283.1 1.13999e+06 1.62484e+06
1296 1.5236e+06 0 43283.1 1.13999e+06 1.62484e+06
1297 1.5236e+06 866649 -823366 1.13999e+06 1.62484e+06
1298 656091 866649 44361.6 1.13999e+06 1.62484e+06
1299 1.21299e+06 309753 44361.6 1.13999e+06 1.62484e+06
1300 1.21299e+06 309753 44361.6 1.13999e+06 1.62484e+06
1301 1.21299e+06 276275 87626.7 1.13999e+06 1.62484e+06
1302 1.52354e+06 0 43813.3 1.14289e+06 1.62484e+06
1303 1.52354e+06 0 43813.3 1.1437e+06 1.62565e+06
1304 1.52354e+06 0 43813.3 1.1437e+06 1.62565e+06
1305 1.52354e+06 855701 -811888 1.1437e+06 1.62565e+06
1306 655680 855701 56237.9 1.1437e+06 1.62565e+06
1307 1.20724e+06 304143 56237.9 1.1437e+06 1.62565e+06
1308 1.20724e+06 304143 56237.9 1.1437e+06 1.62565e+06
1309 1.20724e+06 267211 100717 1.1437e+06 1.62565e+06
1310 1.51748e+06 0 50358.6 1.14444e+06 1.62565e+06
1311 1.51748e+06 0 50358.6 1.14607e+06 1.62727e+06
1312 1.51748e+06 0 50358.6 1.14607e+06 1.62727e+06
1313 1.51748e+06 870953 -820595 1.14607e+06 1.62727e+06
1314 654116 870953 43011.3 1.14607e+06 1.62727e+06
1315 1.20731e+06 317761 43011.3 1.14607e+06 1.62727e+06
1316 1.20731e+06 317761 43011.3 1.14607e+06 1.62727e+06
1317 1.20731e+06 280027 87882.9 1.14607e+06 1.62727e+06
1318 1.52452e+06 0 43941.4 1.14627e+06 1.62727e+06
1319 1.52452e+06 0 43941.4 1.14789e+06 1.6289e+06
1320 1.52452e+06 0 43941.4 1.14789e+06 1.6289e+06
1321 1.52452e+06 869684 -825743 1.14789e+06 1.6289e+06
1322 655288 869684 43706.4 1.14789e+06 1.6289e+06
1323 1.21298e+06 311990 43706.4 1.14789e+06 1.6289e+06
1324 1.21298e+06 311990 43706.4 1.14789e+06 1.6289e+06
1325 1.21298e+06 274050 88805.6 1.14789e+06 1.6289e+06
1326 1.52481e+06 0 44402.8 1.14805e+06 1.6289e+06
1327 1.52481e+06 0 44402.8 1.14895e+06 1.62979e+06
1328 1.52481e+06 0 44402.8 1.14895e+06 1.62979e+06
1329 1.52481e+06 861260 -816857 1.14895e+06 1.62979e+06
1330 653559 861260 54592 1.14895e+06 1.62979e+06
1331 1.20706e+06 307759 54592 1.14895e+06 1.62979e+06
1332 1.20706e+06 307759 54592 1.14895e+06 1.62979e+06
1333 1.20706e+06 270051 99300.6 1.14895e+06 1.62979e+06
1334 1.52002e+06 0 49650.3 1.14908e+06 1.62979e+06
1335 1.52002e+06 0 49650.3 1.15043e+06 1.63114e+06
1336 1.52002e+06 0 49650.3 1.15043e+06 1.63114e+06
1337 1.52002e+06 869587 -819937 1.15043e+06 1.63114e+06
1338 653012 869587 47264 1.15043e+06 1.63114e+06
1339 1.20653e+06 316069 47264 1.15043e+06 1.63114e+06
1340 1.20653e+06 316069 47264 1.15043e+06 1.63114e+06
1341 1.20653e+06 259239 104094 1.15043e+06 1.63114e+06
1342 1.5185e+06 0 52047.1 1.14394e+06 1.63114e+06
1343 1.5185e+06 0 52047.1 1.14397e+06 1.63117e+06
1344 1.5185e+06 0 52047.1 1.14397e+06 1.63117e+06
1345 1.5185e+06 901813 -849766 1.14397e+06 1.63117e+06
1346 653545 901813 15302 1.14397e+06 1.63117e+06
1347 1.21512e+06 340237 15302 1.14397e+06 1.63117e+06
1348 1.21512e+06 340237 15302 1.14397e+06 1.63117e+06
1349 1.21512e+06 284219 71931.4 1.14397e+06 1.63117e+06
1350 1.53622e+06 0 35965.7 1.13759e+06 1.63117e+06
1351 1.53622e+06 0 35965.7 1.13595e+06 1.62954e+06
1352 1.53622e+06 0 35965.7 1.13595e+06 1.62954e+06
1353 1.53622e+06 870254 -834288 1.13595e+06 1.62954e+06
1354 659221 870254 42774.4 1.13595e+06 1.62954e+06
1355 1.21886e+06 310614 42774.4 1.13595e+06 1.62954e+06
1356 1.21886e+06 310614 42774.4 1.13595e+06 1.62954e+06
1357 1.21886e+06 258479 96846.3 1.13595e+06 1.62954e+06
1358 1.52563e+06 0 48423.2 1.1307e+06 1.62954e+06
1359 1.52563e+06 0 48423.2 1.12992e+06 1.62876e+06
