#time1 gdp2 growth3 demand4 wages5 price6 employed7 company_capital8 consumer_capital9 interest_rate10 investments11 market_capital12 bank_capital13 total_capital14
499 1.63376e+06 0.00671521 2.74237e+09 58.128 0.292812 1779 2.47033e-321 2.47033e-321 0.0227821 13881 22556.1 1.75936e+06 2.18145e+06
498 1.62286e+06 0.00416839 2.74443e+09 58.1118 0.295056 1779 916520 0 0.0143348 13987.4 22627.1 1.75763e+06 2.1809e+06
497 1.61613e+06 -0.00206565 2.74653e+09 58.1319 0.296132 1779 917373 0 0.00264908 13801.5 22745.8 1.75612e+06 2.18058e+06
496 1.61947e+06 -0.00548848 2.74703e+09 56.9515 0.29513 1785 918063 0 -0.00193678 13400.4 22827.9 1.75371e+06 2.17892e+06
495 1.62841e+06 -0.00102222 2.75034e+09 56.5457 0.293985 1847 918766 0 -0.00193678 13466 23222.4 1.7514e+06 2.17674e+06
494 1.63008e+06 0.0104603 2.75291e+09 55.7166 0.293761 1847 918934 0 -0.00193678 12310 22539.2 1.74933e+06 2.17456e+06
493 1.6132e+06 -0.000150614 2.76014e+09 57.9333 0.297478 1783 920040 0 -0.00193678 12138.3 23301.1 1.74736e+06 2.1725e+06
492 1.61345e+06 0.00063322 2.76554e+09 58.3394 0.299087 1779 920901 0 0.0106369 12203.9 22809.7 1.74595e+06 2.17098e+06
491 1.61242e+06 0.000934475 2.77011e+09 58.6252 0.300441 1779 923318 0 0.025021 12920.8 22953.1 1.74498e+06 2.16992e+06
490 1.61092e+06 -0.00748385 2.77623e+09 58.5321 0.301878 1779 925125 0 0.025021 13888.2 23418 1.74393e+06 2.16943e+06
489 1.62307e+06 0.00192128 2.77661e+09 57.412 0.300011 1847 926652 0 0.025021 14312.3 22744.2 1.74044e+06 2.16726e+06
488 1.61995e+06 0.00429871 2.78014e+09 57.1229 0.300405 1847 928700 0 0.025021 14331.1 23570.1 1.73695e+06 2.16509e+06
487 1.61302e+06 0.00200188 2.786e+09 57.1098 0.303018 1847 928828 0 0.025021 14455.8 23329.4 1.73409e+06 2.16355e+06
486 1.6098e+06 0.00632318 2.78369e+09 56.9829 0.303498 1847 930010 0 0.00464206 14418 22191.5 1.731e+06 2.16178e+06
485 1.59968e+06 0.00234055 2.78699e+09 56.9432 0.304199 1847 931969 0 -0.000466789 14268.8 23766 1.72771e+06 2.15981e+06
484 1.59595e+06 -0.000303241 2.79153e+09 57.2966 0.304959 1847 931195 0 -0.000466789 12687.8 23241.2 1.72531e+06 2.15765e+06
483 1.59643e+06 0.000338984 2.79647e+09 57.8257 0.305546 1847 932301 0 -0.000466789 12437 23365.8 1.72317e+06 2.15549e+06
482 1.59589e+06 -0.000207135 2.80355e+09 57.7795 0.306878 1847 933820 0 0.00933019 12521.9 23683 1.72105e+06 2.15334e+06
481 1.59622e+06 -0.000587929 2.8093e+09 58.2046 0.308238 1847 935471 0 0.0145308 12639.3 23286.1 1.71892e+06 2.15119e+06
480 1.59716e+06 0.000580883 2.81265e+09 58.3049 0.308743 1847 937840 0 0.0272342 12845.3 23418.4 1.71627e+06 2.14904e+06
479 1.59623e+06 -0.000374425 2.82357e+09 58.0862 0.310459 1847 939762 0 0.0272342 13568.9 24297.6 1.71335e+06 2.14689e+06
478 1.59683e+06 0.00325771 2.82601e+09 57.5596 0.312479 1847 940883 0 0.0272342 14438.4 22796.2 1.71031e+06 2.14531e+06
477 1.59164e+06 0.00112247 2.82507e+09 57.7246 0.312412 1847 944535 0 0.0272342 14747.7 23310.6 1.70671e+06 2.14317e+06
476 1.58986e+06 0.00259475 2.83225e+09 57.6525 0.312246 1847 945353 0 0.0272342 14802.4 24629.2 1.70311e+06 2.14103e+06
475 1.58575e+06 0.00578181 2.83605e+09 58.2436 0.315195 1847 945039 0 0.0130791 14910.6 23195.9 1.69962e+06 2.139e+06
474 1.57663e+06 0.00550721 2.83271e+09 58.1785 0.316275 1847 947442 0 -0.000509564 14866.8 22818 1.69632e+06 2.13715e+06
473 1.56799e+06 -1.13612e-05 2.83866e+09 58.7128 0.316779 1847 948712 0 -0.000509564 13971.6 24617 1.69354e+06 2.13507e+06
472 1.56801e+06 -0.00139331 2.84592e+09 59.2229 0.318199 1847 947594 0 -0.000509564 13015.6 23996.4 1.69173e+06 2.13323e+06
471 1.5702e+06 0.00131737 2.84875e+09 59.0726 0.318653 1847 949586 0 0.0109839 13034.5 23454.2 1.68968e+06 2.13116e+06
470 1.56813e+06 0.000921719 2.85578e+09 59.1993 0.320253 1847 952012 0 0.0109839 13772.5 24422.2 1.68807e+06 2.12953e+06
469 1.56669e+06 -0.00107822 2.85814e+09 59.1697 0.322188 1847 952959 0 0.0109839 14274.5 23497.7 1.68652e+06 2.12857e+06
468 1.56838e+06 0.00316012 2.85658e+09 58.2359 0.320812 1847 955312 0 0.0109839 14277.7 23719.8 1.6838e+06 2.12644e+06
467 1.56344e+06 -0.00012977 2.86617e+09 58.4176 0.322398 1847 956102 0 0.0109839 14316.1 25273.2 1.68108e+06 2.12432e+06
466 1.56364e+06 0.000319603 2.86689e+09 58.833 0.324286 1847 955579 0 0.0109839 14399.9 23111 1.67877e+06 2.1226e+06
465 1.56314e+06 0.00394865 2.86574e+09 58.386 0.32391 1847 958787 0 0.0109839 15646.8 23870.6 1.67606e+06 2.12048e+06
464 1.557e+06 0.000434495 2.87062e+09 58.9072 0.325224 1847 959029 0 0.0109839 15092.4 24686.8 1.67334e+06 2.11836e+06
463 1.55632e+06 0.00248386 2.87505e+09 59.3339 0.326712 1847 958643 0 0.0109839 14997.7 24036 1.67063e+06 2.11625e+06
462 1.55246e+06 0.00654535 2.87574e+09 58.7242 0.327672 1847 960275 0 0.0109839 15041.8 23674.2 1.66792e+06 2.11413e+06
461 1.54237e+06 0.00131704 2.88044e+09 59.662 0.329426 1847 961758 0 0.0109839 15023.5 24616 1.66523e+06 2.11203e+06
460 1.54034e+06 0.00180911 2.88525e+09 59.5834 0.331275 1847 961988 0 0.0109839 14511.8 24118.9 1.66296e+06 2.11036e+06
459 1.53756e+06 -0.000805111 2.88654e+09 59.4093 0.331036 1847 963562 0 0.0109839 14501 24126.7 1.66026e+06 2.10826e+06
458 1.5388e+06 0.00336565 2.89183e+09 59.1572 0.331586 1847 965170 0 0.0109839 14724.1 24801.7 1.65755e+06 2.10615e+06
457 1.53364e+06 0.00475 2.89549e+09 59.1657 0.334993 1847 965603 0 0.0109839 14908.8 24015.5 1.6552e+06 2.1044e+06
456 1.52638e+06 0.000922269 2.89276e+09 59.0223 0.335288 1847 967372 0 0.00214653 14854.9 23675.3 1.6525e+06 2.1023e+06
455 1.52498e+06 0.0012579 2.89943e+09 58.2642 0.335529 1847 968595 0 0.00214653 15033.4 25497.4 1.6498e+06 2.1002e+06
454 1.52306e+06 0.00263951 2.90328e+09 59.0599 0.337689 1847 967683 0 0.00214653 13813.2 23977.1 1.64759e+06 2.0981e+06
453 1.51905e+06 0.00057773 2.90859e+09 59.2035 0.339002 1847 969915 0 0.0198437 14612.7 24668.7 1.64537e+06 2.096e+06
452 1.51818e+06 -1.64733e-05 2.91506e+09 59.1775 0.340678 1847 971202 0 0.0198437 14650.9 24674.7 1.64316e+06 2.09391e+06
451 1.5182e+06 0.00294921 2.92005e+09 59.7635 0.341435 1847 972976 0 0.0198437 14990.7 24597.6 1.63998e+06 2.09182e+06
450 1.51374e+06 0.00180074 2.92475e+09 59.9939 0.343112 1847 975143 0 0.0198437 15750.9 24709.4 1.63679e+06 2.08973e+06
449 1.51102e+06 0.00450084 2.92499e+09 58.9423 0.343824 1847 976811 0 0.0198437 15680.4 24209.6 1.63361e+06 2.08764e+06
448 1.50425e+06 0.000477801 2.92986e+09 59.5834 0.345636 1847 978384 0 0.0029562 15970.5 25253.9 1.63043e+06 2.08555e+06
447 1.50353e+06 0.00335702 2.9323e+09 59.27 0.347343 1847 978463 0 -0.00163246 16049.3 24464.5 1.62725e+06 2.08347e+06
446 1.4985e+06 0.00604815 2.92939e+09 59.0951 0.347385 1847 980094 0 -0.00163246 15703.5 24254.9 1.625e+06 2.08139e+06
445 1.48949e+06 0.00040222 2.93539e+09 58.8369 0.349095 1847 980909 0 -0.00163246 15431.7 25660.7 1.62301e+06 2.07931e+06
444 1.48889e+06 0.00597519 2.93909e+09 59.0933 0.351178 1847 979935 0 -0.00163246 14540.5 24387.3 1.62103e+06 2.07723e+06
443 1.48005e+06 0.00365288 2.94279e+09 59.5907 0.353396 1847 981944 0 -0.00163246 14490.6 24879.4 1.61904e+06 2.07516e+06
442 1.47466e+06 -0.00816172 2.95014e+09 59.747 0.355494 1847 983179 0 -0.00163246 14505.6 25436 1.61706e+06 2.07308e+06
441 1.48679e+06 0.00147451 2.9533e+09 58.2933 0.353669 1904 984418 0 -0.00163246 14572.6 24810.2 1.61508e+06 2.07101e+06
440 1.4846e+06 0.00561964 2.95977e+09 59.2344 0.355041 1904 986877 0 0.0124287 14629.1 25571.9 1.6131e+06 2.06894e+06
439 1.47631e+06 0.00244641 2.96828e+09 58.3 0.359512 1854 987935 0 0.0321883 15353.3 25226 1.61113e+06 2.06688e+06
438 1.47271e+06 0.00968458 2.96883e+09 57.7395 0.362367 1904 990098 0 0.0321883 16634.8 24311.3 1.60836e+06 2.06481e+06
437 1.45858e+06 0.000964547 2.96865e+09 57.7609 0.364061 1847 992943 0 0.0321883 16567 25119.2 1.60448e+06 2.06275e+06
436 1.45717e+06 0.00384366 2.97642e+09 57.7432 0.364784 1852 993128 0 0.0321883 16599.9 26207.2 1.6006e+06 2.06069e+06
435 1.45159e+06 0.00604961 2.9795e+09 57.9716 0.368748 1847 993068 0 0.0321883 16743.4 24583.7 1.59723e+06 2.05912e+06
434 1.44287e+06 0.00424016 2.97561e+09 57.5765 0.369113 1847 995667 0 0.000305563 16723 24443.4 1.59347e+06 2.05718e+06
433 1.43677e+06 0.00129837 2.98322e+09 57.8412 0.368922 1847 996698 0 0.000305563 15718.3 26599 1.58961e+06 2.05512e+06
432 1.43491e+06 -6.90209e-07 2.99184e+09 57.8224 0.372035 1847 995396 0 0.000305563 14920.1 25485.1 1.5879e+06 2.05343e+06
431 1.43491e+06 0.00108747 2.99037e+09 57.9147 0.372256 1847 997942 0 0.000305563 14966.2 24403.6 1.58583e+06 2.05138e+06
430 1.43335e+06 0.00029942 2.99872e+09 57.8469 0.372889 1855 1.00083e+06 0 0.000305563 14954.3 26735.5 1.58376e+06 2.04933e+06
429 1.43292e+06 -0.00291891 3.00973e+09 58.387 0.377039 1854 1.00033e+06 0 0.0163474 15158.5 25845.7 1.58243e+06 2.04801e+06
428 1.43712e+06 0.00993899 3.00565e+09 57.6325 0.376252 1904 1.00313e+06 0 0.0230633 15277.7 24021.8 1.58037e+06 2.04597e+06
427 1.42298e+06 -0.00782534 3.0153e+09 57.8657 0.377698 1847 1.00681e+06 0 0.0230633 15525.3 27290.3 1.57739e+06 2.04392e+06
426 1.4342e+06 0.00560809 3.02352e+09 56.5969 0.377721 1904 1.00545e+06 0 0.0230633 15677.3 25764.8 1.57403e+06 2.04188e+06
425 1.4262e+06 0.0103638 3.02308e+09 57.011 0.38175 1904 1.00867e+06 0 0.00976469 17066.5 24589.2 1.57188e+06 2.04104e+06
424 1.41157e+06 -0.00245519 3.0196e+09 56.9175 0.383429 1847 1.01142e+06 0 -0.00763771 16604.4 25549.6 1.57053e+06 2.041e+06
423 1.41505e+06 0.00122583 3.02833e+09 56.7397 0.382447 1855 1.01128e+06 0 -0.00763771 16561.9 27327.1 1.56906e+06 2.04009e+06
422 1.41331e+06 -0.00319164 3.03064e+09 57.547 0.386197 1856 1.01011e+06 0 -0.00763771 16183.2 25083 1.56962e+06 2.04022e+06
421 1.41784e+06 0.00383049 3.02824e+09 57.1659 0.38434 1904 1.01303e+06 0 -0.00763771 17066.6 25463 1.56844e+06 2.0386e+06
420 1.41243e+06 -0.0178464 3.03649e+09 57.3211 0.384835 1904 1.01381e+06 0 0.00128148 16126.5 27116.1 1.56684e+06 2.03657e+06
419 1.43809e+06 0.00326238 3.04194e+09 54.545 0.380249 2031 1.013e+06 0 0.00128148 15477.7 26176.3 1.56525e+06 2.03453e+06
418 1.43342e+06 0.00762817 3.04927e+09 54.6949 0.383017 2031 1.01576e+06 0 0.0168654 15552 26235.5 1.56314e+06 2.0325e+06
417 1.42256e+06 0.0178639 3.05466e+09 54.4754 0.388044 2020 1.01759e+06 0 0.0168654 15834.1 25682.5 1.56103e+06 2.03047e+06
416 1.3976e+06 0.00366831 3.05818e+09 56.7371 0.395101 1904 1.02004e+06 0 0.0168654 16201.1 25720.1 1.55803e+06 2.02844e+06
415 1.39249e+06 -0.00172497 3.06028e+09 56.56 0.396252 1904 1.02184e+06 0 0.0168654 16050.2 26170.7 1.55502e+06 2.02641e+06
414 1.3949e+06 0.00438509 3.0692e+09 56.0377 0.396351 1904 1.02302e+06 0 0.0168654 16529.8 27248.3 1.55201e+06 2.02439e+06
413 1.38881e+06 0.000203119 3.07188e+09 56.5071 0.400733 1904 1.02372e+06 0 0.0168654 16993.1 25674.9 1.54967e+06 2.02303e+06
412 1.38852e+06 0.00587242 3.06909e+09 56.5001 0.400334 1904 1.0267e+06 0 0.0168654 18177.6 25735.1 1.54667e+06 2.02101e+06
411 1.38042e+06 0.0025623 3.07375e+09 55.7715 0.401359 1904 1.0276e+06 0 0.0168654 18023.4 27123.4 1.54367e+06 2.01899e+06
410 1.37689e+06 0.00297187 3.07758e+09 56.8923 0.40395 1904 1.02667e+06 0 0.0168654 17412.3 26151 1.54095e+06 2.01725e+06
409 1.37281e+06 0.00113305 3.07838e+09 56.9718 0.404989 1904 1.02823e+06 0 0.0168654 17497.5 26060.3 1.53831e+06 2.0156e+06
408 1.37126e+06 0.00388095 3.08377e+09 57.4103 0.405133 1904 1.02951e+06 0 0.0168654 17503.8 26942 1.53532e+06 2.01359e+06
407 1.36595e+06 0.0017767 3.08896e+09 57.8581 0.407619 1904 1.02978e+06 0 0.0168654 16470.3 26279.2 1.53273e+06 2.01198e+06
406 1.36353e+06 0.00431838 3.09314e+09 57.2001 0.409204 1904 1.03158e+06 0 0.0168654 16902.2 26647.3 1.53044e+06 2.01067e+06
405 1.35767e+06 -0.00310241 3.09631e+09 56.7627 0.411493 1904 1.03331e+06 0 0.0168654 17367.1 26457.5 1.52867e+06 2.00989e+06
404 1.36189e+06 0.00216928 3.09507e+09 56.1456 0.409785 1904 1.03471e+06 0 0.0168654 17417.9 26186.6 1.52568e+06 2.00788e+06
403 1.35895e+06 0.0012203 3.10063e+09 55.9611 0.410155 1904 1.03577e+06 0 0.00910915 17515.7 27370.4 1.52269e+06 2.00588e+06
402 1.35729e+06 0.00453366 3.10345e+09 56.0075 0.413157 1904 1.03536e+06 0 -0.00975266 17602.5 26258.3 1.52024e+06 2.00441e+06
401 1.35116e+06 0.00214751 3.10064e+09 56.0285 0.414901 1904 1.03722e+06 0 -0.032105 17759.8 25948.2 1.51896e+06 2.00367e+06
400 1.34827e+06 0.00104799 3.10518e+09 56.3427 0.414454 1904 1.03816e+06 0 -0.032105 16745.6 27386.3 1.51851e+06 2.00264e+06
399 1.34686e+06 -0.00117712 3.11618e+09 56.6474 0.417757 1904 1.03722e+06 0 -0.032105 16252 27605.1 1.52078e+06 2.00304e+06
398 1.34844e+06 0.00361912 3.11655e+09 57.3165 0.419644 1904 1.03874e+06 0 -0.032105 16325.4 25770.7 1.52401e+06 2.00438e+06
397 1.34358e+06 -0.019474 3.12195e+09 57.6502 0.420198 1907 1.04242e+06 0 0.0193789 17145.8 27574.4 1.52756e+06 2.00603e+06
396 1.37027e+06 0.000616442 3.12846e+09 54.5582 0.413284 2073 1.04254e+06 0 0.0312452 16822.7 27613.4 1.52776e+06 2.00432e+06
395 1.36942e+06 -0.0042871 3.13733e+09 54.4098 0.414923 2073 1.04435e+06 0 0.0312452 16847.9 27450 1.52507e+06 2.00279e+06
394 1.37532e+06 0.00499522 3.14144e+09 51.8366 0.415887 2147 1.04653e+06 0 0.0312452 18717.4 26637.1 1.52149e+06 2.00109e+06
393 1.36848e+06 0.00413582 3.13816e+09 51.7127 0.416806 2147 1.0495e+06 0 0.00207768 18717.1 26211.3 1.51767e+06 1.99914e+06
392 1.36285e+06 -0.000962362 3.14461e+09 51.6702 0.417259 2146 1.05087e+06 0 0.00207768 17944.6 28163.7 1.5138e+06 1.99714e+06
391 1.36416e+06 0.00226838 3.15253e+09 52.1244 0.418968 2147 1.04977e+06 0 0.00207768 16928 27325.7 1.51168e+06 1.99515e+06
390 1.36107e+06 0.00228451 3.15498e+09 52.0258 0.420787 2147 1.05193e+06 0 0.00207768 17001.5 26575.7 1.50956e+06 1.99316e+06
389 1.35797e+06 0.000556888 3.16006e+09 52.399 0.422139 2147 1.05458e+06 0 0.0131422 17013.9 27658.5 1.50744e+06 1.99117e+06
388 1.35721e+06 0.00178683 3.16982e+09 52.3064 0.424316 2146 1.0554e+06 0 0.0191826 17144.5 27902.1 1.50533e+06 1.98918e+06
387 1.35479e+06 0.00731681 3.1722e+09 53.0075 0.426106 2129 1.0571e+06 0 0.0191826 17046.4 26600.1 1.50254e+06 1.98719e+06
386 1.34495e+06 -0.00349541 3.17879e+09 54.4485 0.429158 2073 1.06036e+06 0 0.0191826 17683.5 28027.5 1.4994e+06 1.9852e+06
385 1.34967e+06 0.00152013 3.18315e+09 52.0588 0.429973 2147 1.06116e+06 0 0.0191826 18620 27487.7 1.49625e+06 1.98322e+06
384 1.34762e+06 0.0112984 3.1804e+09 52.5198 0.43032 2133 1.06337e+06 0 0.0191826 18592 26778.9 1.4931e+06 1.98124e+06
383 1.33257e+06 0.00434463 3.18726e+09 54.4599 0.434572 2073 1.06482e+06 0 0.0191826 18471.5 28512.3 1.48995e+06 1.97926e+06
382 1.3268e+06 0.00499745 3.19355e+09 55.3157 0.440041 2073 1.0639e+06 0 0.0191826 18440.3 27199.5 1.48808e+06 1.97856e+06
381 1.3202e+06 0.000730801 3.19222e+09 56.1501 0.441484 2034 1.0662e+06 0 0.0191826 18853.6 26866.9 1.4865e+06 1.97814e+06
380 1.31924e+06 0.000753526 3.19878e+09 55.8914 0.441039 2073 1.0683e+06 0 0.0191826 19319.7 28812.6 1.4844e+06 1.97721e+06
379 1.31825e+06 -0.00508723 3.20401e+09 56.5484 0.443743 2073 1.06786e+06 0 0.0191826 19438.2 27587.8 1.48292e+06 1.97689e+06
378 1.32499e+06 0.00359389 3.19898e+09 54.554 0.440861 2155 1.07005e+06 0 0.00707247 19400.1 26750.9 1.47978e+06 1.97491e+06
377 1.32024e+06 -0.00146077 3.20836e+09 54.1853 0.441099 2155 1.0718e+06 0 0.0218805 18263.7 29288.3 1.47664e+06 1.97294e+06
376 1.32217e+06 0.00102783 3.21858e+09 54.4311 0.443014 2155 1.07012e+06 0 0.0218805 17368.4 28054.7 1.47424e+06 1.97097e+06
375 1.32082e+06 0.00483423 3.21957e+09 54.5186 0.445729 2155 1.07326e+06 0 0.00314598 18990.3 26977.4 1.47094e+06 1.969e+06
374 1.31446e+06 0.0116035 3.21769e+09 53.7389 0.446381 2147 1.07668e+06 0 -0.00134703 19241.3 27466.6 1.46763e+06 1.96703e+06
373 1.29938e+06 0.00239025 3.22318e+09 55.4815 0.4504 2073 1.07701e+06 0 -0.00134703 18152.9 28647.4 1.46548e+06 1.96507e+06
372 1.29629e+06 -0.000623984 3.22892e+09 55.6783 0.454606 2073 1.07638e+06 0 -0.00134703 18367.9 27953.6 1.46406e+06 1.96356e+06
371 1.29709e+06 0.00185423 3.22699e+09 55.8505 0.454056 2073 1.07821e+06 0 -0.00134703 18346.1 27094.3 1.46218e+06 1.9616e+06
370 1.29469e+06 0.000967007 3.23712e+09 56.1388 0.455324 2073 1.08013e+06 0 0.00760873 18396.9 29513.9 1.4603e+06 1.95964e+06
369 1.29344e+06 0.00270017 3.2453e+09 56.8226 0.459341 2073 1.07949e+06 0 0.00760873 18053.9 27949.1 1.45904e+06 1.9583e+06
368 1.28996e+06 0.00260189 3.24657e+09 57.0927 0.461384 2073 1.08288e+06 0 0.0211801 19242 27459.2 1.45751e+06 1.95723e+06
367 1.28661e+06 -0.0072295 3.25099e+09 57.3181 0.461233 2076 1.08561e+06 0 0.0211801 19604.7 28864.3 1.45512e+06 1.95532e+06
366 1.29598e+06 0.00358507 3.25908e+09 56.2829 0.460821 2155 1.08604e+06 0 0.0211801 20278.4 28929.7 1.45185e+06 1.95336e+06
365 1.29135e+06 0.0070074 3.25778e+09 56.6805 0.463959 2155 1.08752e+06 0 0.0108177 20323.7 27121.8 1.44859e+06 1.95141e+06
364 1.28237e+06 0.0044984 3.25773e+09 56.3477 0.464514 2155 1.09022e+06 0 0.0108177 20023.3 28413.5 1.44533e+06 1.94946e+06
363 1.27662e+06 0.000490521 3.26719e+09 55.5933 0.466294 2155 1.08979e+06 0 0.0108177 18467.6 29390.1 1.44271e+06 1.94751e+06
362 1.276e+06 0.00749516 3.2726e+09 54.6958 0.469237 2155 1.08977e+06 0 0.0108177 17879.8 28186.4 1.44018e+06 1.94565e+06
361 1.2665e+06 -0.00724939 3.27765e+09 57.0768 0.474534 2073 1.09294e+06 0 0.0108177 18983.7 28397.1 1.43926e+06 1.9454e+06
360 1.27575e+06 0.00378561 3.27894e+09 55.9254 0.471996 2155 1.09475e+06 0 0.00585901 20015 28463.6 1.43676e+06 1.94357e+06
359 1.27094e+06 -0.000220835 3.28251e+09 55.765 0.472639 2155 1.09643e+06 0 0.00585901 19333.3 28828.7 1.43414e+06 1.94163e+06
358 1.27122e+06 0.000476946 3.28971e+09 55.5486 0.474108 2155 1.09687e+06 0 0.00585901 18966.2 29117.5 1.43184e+06 1.93969e+06
357 1.27062e+06 -3.09031e-05 3.29583e+09 56.2646 0.476651 2155 1.09806e+06 0 0.00585901 19163.3 28648.8 1.42953e+06 1.93775e+06
356 1.27066e+06 0.00393967 3.29873e+09 56.9092 0.477221 2155 1.10047e+06 0 0.014809 19233.9 28521.7 1.42723e+06 1.93581e+06
355 1.26567e+06 0.00261287 3.30599e+09 56.3872 0.478929 2155 1.10252e+06 0 0.0409851 19207.4 29487.5 1.42493e+06 1.93388e+06
354 1.26237e+06 0.00524823 3.31578e+09 57.1786 0.483875 2155 1.10349e+06 0 0.0484658 20277.3 28981.8 1.42207e+06 1.93195e+06
353 1.25578e+06 0.00644769 3.31381e+09 56.6074 0.487429 2155 1.10592e+06 0 0.0484658 21108.6 27606.3 1.41756e+06 1.93002e+06
352 1.24774e+06 0.00249176 3.31599e+09 57.0746 0.488066 2155 1.10919e+06 0 0.0484658 21136.2 29437.5 1.41258e+06 1.92809e+06
351 1.24463e+06 0.00153417 3.32548e+09 55.7889 0.490005 2155 1.10853e+06 0 0.0354338 21171.2 29808 1.40762e+06 1.92616e+06
350 1.24273e+06 0.00630411 3.32235e+09 56.1989 0.4921 2155 1.10926e+06 0 -0.0195375 21163.3 27619.6 1.40266e+06 1.92424e+06
349 1.23494e+06 0.0100578 3.32371e+09 55.3509 0.493604 2155 1.11244e+06 0 -0.0364119 21672.2 29374.9 1.39854e+06 1.92232e+06
348 1.22265e+06 -0.000190936 3.32962e+09 56.9843 0.499405 2073 1.11139e+06 0 -0.0364119 20077.6 29388.5 1.39884e+06 1.92141e+06
347 1.22288e+06 -0.00680777 3.33341e+09 57.0189 0.501352 2076 1.11184e+06 0 -0.0364119 20206 28960.5 1.40045e+06 1.92074e+06
346 1.23126e+06 0.0021443 3.33546e+09 56.9364 0.497745 2155 1.11382e+06 0 -0.0364119 20010.9 29324.6 1.40081e+06 1.91883e+06
345 1.22863e+06 -0.000391424 3.34735e+09 57.5319 0.501112 2155 1.11509e+06 0 0.00689343 20096.1 30389.9 1.40119e+06 1.91691e+06
344 1.22911e+06 -0.00295622 3.34906e+09 57.2925 0.503966 2155 1.11577e+06 0 0.0277724 20110.8 28188.5 1.40158e+06 1.91499e+06
343 1.23275e+06 0.0120616 3.3494e+09 54.3029 0.500328 2226 1.11975e+06 0 0.0277724 20816.1 29568.8 1.39923e+06 1.91308e+06
342 1.21806e+06 -0.00424253 3.36209e+09 55.5101 0.508549 2164 1.12032e+06 0 0.0277724 20954.8 30572.5 1.39554e+06 1.91117e+06
341 1.22325e+06 0.0131315 3.35584e+09 53.851 0.508549 2224 1.12044e+06 0 0.00685125 21158.2 27410.5 1.39185e+06 1.90926e+06
340 1.20739e+06 -0.000266106 3.35874e+09 54.9238 0.512177 2155 1.12468e+06 0 0.00685125 21514 30379.4 1.38817e+06 1.90735e+06
339 1.20772e+06 0.00217742 3.36681e+09 55.279 0.513715 2155 1.12259e+06 0 0.0196832 20397 29984.9 1.38583e+06 1.90545e+06
338 1.20509e+06 0.00520037 3.37294e+09 55.7306 0.518274 2155 1.12356e+06 0 0.0381985 21044.5 29080.6 1.38348e+06 1.90354e+06
337 1.19886e+06 0.00437225 3.37424e+09 56.3298 0.519908 2155 1.12626e+06 0 0.0381985 20902.9 29009.3 1.38032e+06 1.90164e+06
336 1.19364e+06 0.000856515 3.38511e+09 55.9623 0.522128 2155 1.12831e+06 0 0.0381985 20887.7 30810.8 1.37598e+06 1.89974e+06
335 1.19262e+06 0.00305621 3.39262e+09 57.0563 0.525901 2155 1.12875e+06 0 0.0452675 21091.3 29366.6 1.37166e+06 1.89787e+06
334 1.18898e+06 0.00636242 3.39211e+09 56.6389 0.528019 2159 1.13238e+06 0 0.0333498 22232.8 28948.7 1.36739e+06 1.89605e+06
333 1.18147e+06 0.00222972 3.39447e+09 56.3379 0.529211 2155 1.13489e+06 0 0.0221618 22018.3 30083.1 1.3626e+06 1.89415e+06
332 1.17884e+06 0.00187878 3.39977e+09 56.1188 0.531349 2156 1.13472e+06 0 -0.00964551 21681.7 30253.3 1.35858e+06 1.89226e+06
331 1.17663e+06 0.0017676 3.39849e+09 55.4128 0.533445 2155 1.13551e+06 0 -0.0320567 21606.6 29138.9 1.35528e+06 1.89037e+06
330 1.17455e+06 0.00274014 3.40046e+09 55.2874 0.533525 2155 1.13729e+06 0 -0.0320567 21503.2 30076.3 1.35401e+06 1.88848e+06
329 1.17134e+06 0.000162954 3.4096e+09 55.8023 0.536449 2155 1.13686e+06 0 -0.0320567 20923.1 30697.4 1.35416e+06 1.8866e+06
328 1.17115e+06 0.000874116 3.41468e+09 55.7198 0.540105 2155 1.13752e+06 0 -0.0141294 21119.7 29615.2 1.35446e+06 1.88484e+06
327 1.17013e+06 0.00390548 3.41804e+09 56.3303 0.542204 2155 1.14057e+06 0 -0.000460215 21527.7 29944.2 1.35493e+06 1.88325e+06
326 1.16558e+06 -0.00564967 3.42606e+09 56.4715 0.544903 2161 1.14227e+06 0 0.0084041 21580.4 30836.8 1.3545e+06 1.8819e+06
325 1.1722e+06 0.00113174 3.42937e+09 55.0261 0.542978 2227 1.1434e+06 0 0.0084041 21286.9 29989.7 1.35265e+06 1.88002e+06
324 1.17087e+06 0.00309304 3.43635e+09 54.2748 0.544353 2227 1.14608e+06 0 0.0365761 21340.8 30856.4 1.35022e+06 1.87815e+06
323 1.16726e+06 0.00382891 3.44597e+09 54.7538 0.549584 2227 1.14719e+06 0 0.054456 22206.5 30501.5 1.3478e+06 1.87627e+06
322 1.16281e+06 0.00400614 3.44476e+09 54.2421 0.552172 2227 1.14952e+06 0 0.054456 23139.3 29212.8 1.34359e+06 1.87446e+06
321 1.15817e+06 0.00514404 3.44636e+09 53.8572 0.55154 2227 1.15274e+06 0 0.054456 23112.9 30785.8 1.33815e+06 1.87259e+06
320 1.15224e+06 0.00222775 3.45725e+09 54.0896 0.556256 2227 1.15234e+06 0 0.054456 23310.5 31400.5 1.33272e+06 1.87072e+06
319 1.14968e+06 0.00597656 3.45168e+09 53.6426 0.558463 2227 1.15287e+06 0 -0.0260239 23291.3 28644 1.3273e+06 1.86885e+06
318 1.14285e+06 0.00133365 3.45476e+09 53.0989 0.559477 2227 1.15652e+06 0 -0.0328783 24228.7 31260.6 1.32191e+06 1.86699e+06
317 1.14133e+06 -0.000268071 3.45977e+09 53.2921 0.561697 2227 1.15465e+06 0 -0.0328783 22189.3 30747.1 1.32172e+06 1.86512e+06
316 1.14164e+06 0.000697262 3.46601e+09 53.6701 0.563187 2227 1.15568e+06 0 -0.0328783 22078.6 30813 1.32199e+06 1.86326e+06
315 1.14084e+06 0.00136452 3.47209e+09 53.764 0.565824 2227 1.15736e+06 0 -0.0201365 22295.2 30698.8 1.32227e+06 1.8614e+06
314 1.13929e+06 0.00247168 3.47823e+09 54.4567 0.568887 2227 1.15945e+06 0 -0.000523701 22644 30702.1 1.32256e+06 1.85954e+06
313 1.13648e+06 0.0017015 3.4831e+09 54.9299 0.571397 2227 1.16148e+06 0 0.031489 22515.3 30711.2 1.32203e+06 1.85768e+06
312 1.13455e+06 0.00394361 3.48739e+09 54.6179 0.571235 2227 1.16353e+06 0 0.031489 21766.9 30992.6 1.32021e+06 1.85582e+06
311 1.13009e+06 0.00149242 3.49966e+09 54.5825 0.577379 2227 1.16516e+06 0 0.031489 23386.7 31910.6 1.31626e+06 1.85397e+06
310 1.12841e+06 0.0158226 3.49303e+09 54.307 0.580022 2227 1.1666e+06 0 0.031489 23609.8 28659.9 1.31231e+06 1.85212e+06
309 1.11083e+06 0.00155784 3.49405e+09 55.3238 0.584151 2157 1.1707e+06 0 0.0235467 23544.2 31651 1.30891e+06 1.8508e+06
308 1.1091e+06 -0.00859374 3.50518e+09 55.5566 0.586749 2155 1.16849e+06 0 0.0326676 22534.1 32137.4 1.30579e+06 1.84977e+06
307 1.11872e+06 0.00177126 3.50808e+09 55.2024 0.584886 2227 1.16883e+06 0 0.0326676 23340.5 30275.9 1.30238e+06 1.84792e+06
306 1.11674e+06 0.00337192 3.5107e+09 55.8502 0.586296 2227 1.17255e+06 0 0.0326676 24392.9 31221.8 1.29837e+06 1.84607e+06
305 1.11298e+06 0.0038003 3.51462e+09 55.8396 0.588507 2227 1.17352e+06 0 0.00896714 24367.2 31313.4 1.29437e+06 1.84423e+06
304 1.10877e+06 0.00468653 3.51625e+09 55.9057 0.591635 2227 1.1744e+06 0 -0.0326458 24792.5 30910.7 1.29037e+06 1.84239e+06
303 1.1036e+06 0.00164742 3.51896e+09 56.8148 0.596155 2227 1.17571e+06 0 -0.0326458 25100.5 30982.1 1.28809e+06 1.8407e+06
302 1.10178e+06 0.000908075 3.52001e+09 56.2639 0.596066 2227 1.17625e+06 0 -0.00260404 23606 31111.3 1.2884e+06 1.83886e+06
301 1.10078e+06 -0.00115156 3.5313e+09 56.0837 0.597692 2227 1.17716e+06 0 0.01292 22953.8 32763.2 1.28872e+06 1.83702e+06
300 1.10205e+06 0.00549512 3.53572e+09 55.9186 0.601264 2227 1.17751e+06 0 0.01292 22790.3 30816 1.28706e+06 1.83519e+06
299 1.09603e+06 0.00259365 3.53794e+09 56.0335 0.605695 2227 1.18129e+06 0 0.01292 24594.3 31106.2 1.28443e+06 1.83342e+06
298 1.0932e+06 0.00420899 3.53746e+09 54.9174 0.60599 2227 1.18276e+06 0 0.01292 24485 31187.9 1.28174e+06 1.83159e+06
297 1.08861e+06 0.0027163 3.54471e+09 55.2113 0.608828 2227 1.18351e+06 0 0.01292 23808.2 32301.3 1.27904e+06 1.82976e+06
296 1.08566e+06 0.00130691 3.55179e+09 55.2207 0.612743 2227 1.18335e+06 0 0.01292 23593.1 31524.1 1.27635e+06 1.82793e+06
295 1.08425e+06 0.000701409 3.55368e+09 56.1733 0.614734 2227 1.18577e+06 0 0.01292 23731.2 31118.6 1.27366e+06 1.8261e+06
294 1.08349e+06 0.00098081 3.56083e+09 56.4664 0.614438 2227 1.18814e+06 0 0.01292 23781.2 32462.3 1.27096e+06 1.82428e+06
293 1.08243e+06 0.00332132 3.57004e+09 56.6707 0.618708 2227 1.18877e+06 0 0.0375892 23946.5 32070.4 1.26827e+06 1.82246e+06
292 1.07884e+06 0.00654336 3.5725e+09 57.7113 0.623828 2227 1.19117e+06 0 0.0375892 25518.3 30930.7 1.2658e+06 1.82085e+06
291 1.07183e+06 0.00202216 3.56958e+09 57.0741 0.625084 2227 1.19424e+06 0 0.0375892 25632.2 31201.5 1.26144e+06 1.81903e+06
290 1.06967e+06 0.00258304 3.57548e+09 56.8066 0.623614 2227 1.19507e+06 0 0.0330528 24885.3 33143.2 1.25709e+06 1.81722e+06
289 1.06691e+06 0.00108973 3.58321e+09 56.9413 0.630331 2227 1.19409e+06 0 -0.0078249 25216.4 32135.1 1.25332e+06 1.81596e+06
288 1.06575e+06 0.00432486 3.5757e+09 56.6829 0.631929 2227 1.19606e+06 0 -0.0378954 26101.8 30207 1.24992e+06 1.81478e+06
287 1.06116e+06 0.00117392 3.58069e+09 56.1187 0.632636 2227 1.19865e+06 0 -0.0378954 26763 33313 1.24896e+06 1.8133e+06
286 1.05992e+06 0.00145187 3.59014e+09 56.8104 0.63821 2227 1.19614e+06 0 -0.0378954 26169.2 32430.1 1.25098e+06 1.81278e+06
285 1.05838e+06 -0.00532962 3.58834e+09 56.6156 0.641128 2236 1.19781e+06 0 -0.0378954 26352.3 30887 1.25339e+06 1.81264e+06
284 1.06405e+06 -0.00549865 3.59253e+09 55.1658 0.634788 2322 1.20097e+06 0 0.00685885 26028.2 33210.1 1.25414e+06 1.81083e+06
283 1.06993e+06 0.00275551 3.60611e+09 54.9101 0.633926 2372 1.20037e+06 0 0.0118105 24915.8 33654.7 1.25492e+06 1.80902e+06
282 1.06699e+06 0.00897643 3.60924e+09 55.3209 0.63998 2372 1.20177e+06 0 0.0118105 25217.8 31084.6 1.25264e+06 1.80722e+06
281 1.0575e+06 0.00480679 3.60749e+09 56.0982 0.644177 2321 1.20631e+06 0 0.0118105 25254.3 31739.1 1.25002e+06 1.80541e+06
280 1.05244e+06 -0.00434194 3.62074e+09 56.3069 0.648015 2322 1.20736e+06 0 0.030628 25404.8 34155.8 1.2474e+06 1.80361e+06
279 1.05703e+06 0.00423899 3.6238e+09 55.6177 0.649386 2372 1.20677e+06 0 0.0410162 24939.7 31522.5 1.24479e+06 1.80181e+06
278 1.05257e+06 0.00286234 3.62484e+09 54.4017 0.650757 2387 1.2112e+06 0 0.0410162 25708.2 32475 1.24087e+06 1.80001e+06
277 1.04956e+06 0.00726121 3.63233e+09 53.8576 0.653456 2386 1.21223e+06 0 0.0410162 25880.1 33335.3 1.23624e+06 1.79821e+06
276 1.042e+06 0.0191752 3.63441e+09 54.0003 0.66125 2372 1.21258e+06 0 0.00954702 25990.4 31875.1 1.23162e+06 1.79641e+06
275 1.02239e+06 0.00166538 3.63595e+09 56.2792 0.675019 2227 1.21508e+06 0 0.00954702 26126.6 32018.4 1.22901e+06 1.79662e+06
274 1.02069e+06 0.00115488 3.63868e+09 56.0083 0.67542 2227 1.21578e+06 0 0.00285677 27020.2 33306.2 1.22847e+06 1.79673e+06
273 1.01952e+06 -0.0142226 3.64416e+09 56.1917 0.678748 2227 1.21629e+06 0 -0.0103205 27695.6 33348.9 1.2285e+06 1.79741e+06
272 1.03423e+06 0.00632876 3.63807e+09 54.851 0.668624 2372 1.21721e+06 0 -0.0352419 27884.3 32102.9 1.2265e+06 1.79562e+06
271 1.02772e+06 -0.00483691 3.6507e+09 54.9421 0.673247 2372 1.21904e+06 0 -0.0352419 28279.1 34690.1 1.22542e+06 1.79383e+06
270 1.03272e+06 -0.0015828 3.65146e+09 54.9239 0.674221 2380 1.217e+06 0 -0.0352419 27308 31886.8 1.22605e+06 1.79203e+06
269 1.03435e+06 0.00672656 3.65886e+09 54.3549 0.674292 2429 1.22123e+06 0 -0.00776963 28390.4 33697.8 1.2267e+06 1.79024e+06
268 1.02744e+06 0.00486081 3.66648e+09 54.0556 0.680573 2429 1.22148e+06 0 0.0421071 27090.2 33206.4 1.22736e+06 1.78845e+06
267 1.02247e+06 0.0027592 3.66716e+09 53.9547 0.683489 2429 1.22396e+06 0 0.0421071 25907.7 32600 1.22612e+06 1.78667e+06
266 1.01966e+06 0.0028579 3.67703e+09 53.4735 0.685002 2429 1.22651e+06 0 0.0421071 26855.5 34524.8 1.22137e+06 1.78488e+06
265 1.01675e+06 0.00166255 3.67893e+09 53.3703 0.690681 2429 1.22673e+06 0 0.0203584 27078.1 32375.5 1.21663e+06 1.7831e+06
264 1.01507e+06 0.00380684 3.6738e+09 52.5126 0.690049 2429 1.23003e+06 0 -0.0151814 27743.4 32742 1.2119e+06 1.78132e+06
263 1.01122e+06 0.000575487 3.68689e+09 52.343 0.693956 2429 1.23067e+06 0 -0.0151814 28941.4 35079.4 1.20869e+06 1.77954e+06
262 1.01063e+06 0.00929606 3.68544e+09 52.5603 0.69865 2429 1.22895e+06 0 -0.0151814 28088.5 31532.7 1.20798e+06 1.77776e+06
261 1.00133e+06 0.00170249 3.68872e+09 53.5448 0.702386 2382 1.23333e+06 0 0.00268449 28309 33943.2 1.20726e+06 1.77599e+06
260 999625 -0.00104473 3.70156e+09 53.7857 0.706735 2380 1.23285e+06 0 0.0355464 27706.8 34780.4 1.20656e+06 1.77421e+06
259 1.00067e+06 0.00317507 3.70411e+09 53.6931 0.709974 2429 1.23395e+06 0 0.0418847 28047.5 32474.6 1.20462e+06 1.77247e+06
258 997503 0.00435114 3.70367e+09 53.6264 0.709516 2429 1.23824e+06 0 0.0418847 28739 33479.7 1.20033e+06 1.77069e+06
257 993182 0.00421537 3.7128e+09 54.4312 0.712876 2429 1.23909e+06 0 0.0418847 28875 34703.2 1.1956e+06 1.76893e+06
256 989012 0.00441161 3.71303e+09 54.9819 0.718533 2429 1.23895e+06 0 -0.0022233 28816.8 32583.7 1.19088e+06 1.76716e+06
255 984668 0.00374855 3.71402e+09 55.0517 0.720045 2429 1.242e+06 0 0.0123849 28950.1 33374.8 1.18617e+06 1.76539e+06
254 980991 0.000969625 3.71989e+09 54.0273 0.721196 2429 1.24208e+06 0 0.0123849 27696.8 34891.6 1.18456e+06 1.76363e+06
253 980041 0.00073224 3.728e+09 53.6571 0.727105 2429 1.24241e+06 0 -0.00022672 28432.7 34200.4 1.18193e+06 1.76187e+06
252 979324 0.00199786 3.72001e+09 52.7883 0.729065 2429 1.24437e+06 0 -0.0343526 29165.5 32233.4 1.1793e+06 1.76011e+06
251 977371 0.00460177 3.72921e+09 52.4186 0.730654 2429 1.24709e+06 0 -0.0343526 31274.9 35429.8 1.17755e+06 1.75835e+06
250 972894 0.00295543 3.73449e+09 53.4994 0.739021 2429 1.24441e+06 0 -0.00501072 30228.9 33086.8 1.17888e+06 1.75726e+06
249 970027 -0.00186191 3.73113e+09 53.385 0.737674 2429 1.24749e+06 0 0.0177355 29436.2 33360.2 1.17955e+06 1.7555e+06
248 971837 0.00210588 3.74376e+09 53.3656 0.73417 2429 1.24926e+06 0 0.0177355 28415.3 36271.1 1.17816e+06 1.75375e+06
247 969794 0.00269051 3.75736e+09 55.1625 0.745472 2429 1.24813e+06 0 0.0177355 28927.3 34051.8 1.17514e+06 1.752e+06
246 967192 0.00537238 3.74537e+09 55.5604 0.746926 2429 1.25236e+06 0 0.0177355 28983.7 31328.5 1.17212e+06 1.75025e+06
245 962024 0.00324377 3.75842e+09 55.7171 0.744905 2431 1.25691e+06 0 0.0381858 28830.8 37200.7 1.1691e+06 1.7485e+06
244 958913 0.00700205 3.77662e+09 55.1538 0.757267 2429 1.2529e+06 0 0.0630334 28401.3 34746.5 1.16609e+06 1.74675e+06
243 952246 0.00990836 3.76455e+09 54.9291 0.765503 2433 1.25726e+06 0 0.0520591 30395.1 30747.3 1.16191e+06 1.74531e+06
242 942903 0.00212971 3.76175e+09 53.6955 0.761155 2429 1.26335e+06 0 0.0391635 29994.1 35599 1.15566e+06 1.74357e+06
241 940899 -0.00183551 3.78526e+09 53.5887 0.768925 2429 1.25931e+06 0 0.0213526 29684.4 37575.5 1.15021e+06 1.74183e+06
240 942629 0.00425071 3.77357e+09 53.4642 0.775819 2429 1.25837e+06 0 -0.0344576 30493.6 30660.7 1.14639e+06 1.74079e+06
239 938640 -0.00141633 3.77135e+09 53.7229 0.77212 2429 1.26624e+06 0 -0.0344576 33281.4 35261.1 1.14314e+06 1.73905e+06
238 939971 -0.000333607 3.79026e+09 53.6095 0.775314 2429 1.26233e+06 0 -0.0344576 32100.3 37106.8 1.14384e+06 1.73731e+06
237 940285 0.00456456 3.79318e+09 55.0018 0.784257 2430 1.26159e+06 0 -0.0344576 32470.6 32830 1.14554e+06 1.73657e+06
236 936012 0.00501399 3.79074e+09 55.3823 0.784643 2429 1.26791e+06 0 0.00415896 33742.8 33934.6 1.14688e+06 1.73545e+06
235 931342 -0.00389879 3.79889e+09 55.4477 0.784285 2434 1.26889e+06 0 0.0217251 30904 36545.5 1.14766e+06 1.73375e+06
234 934988 0.00326672 3.81358e+09 54.0358 0.786902 2512 1.26807e+06 0 0.0443888 30220.2 35769 1.14563e+06 1.73202e+06
233 931943 0.0048731 3.80876e+09 54.2122 0.790996 2512 1.2708e+06 0 0.0514753 29666.3 32801.5 1.14237e+06 1.73033e+06
232 927424 -0.000239989 3.81298e+09 53.614 0.788609 2512 1.27571e+06 0 0.0514753 30207.7 36390 1.13742e+06 1.7286e+06
231 927646 0.00029341 3.82527e+09 52.8798 0.793765 2512 1.2741e+06 0 0.00530573 30405.2 36194.7 1.13196e+06 1.72688e+06
230 927374 0.00322055 3.81958e+09 52.3489 0.798972 2512 1.27551e+06 0 -0.0381158 32362.4 33129.7 1.12652e+06 1.72515e+06
229 924397 0.00289921 3.82166e+09 52.145 0.800717 2512 1.27963e+06 0 -0.0381158 35234.8 35686.5 1.12441e+06 1.72343e+06
228 921725 0.00229099 3.82887e+09 52.1232 0.806526 2512 1.27772e+06 0 -0.0381158 34925.8 35695.7 1.12543e+06 1.72171e+06
227 919618 0.00753348 3.83106e+09 52.4664 0.811864 2512 1.27842e+06 0 -0.0381158 34669 34674.6 1.12647e+06 1.71999e+06
226 912742 0.000792697 3.83977e+09 54.463 0.819934 2462 1.28083e+06 0 -0.00316867 35095.6 35896.3 1.12844e+06 1.71919e+06
225 912019 0.00438373 3.84301e+09 54.3758 0.822035 2512 1.28156e+06 0 0.0444566 33954.1 35006.4 1.13043e+06 1.7184e+06
224 908039 -0.00640214 3.84576e+09 55.3894 0.822774 2512 1.28447e+06 0 0.0548887 32092.3 35898.1 1.12895e+06 1.71668e+06
223 913889 0.00473042 3.85734e+09 54.2951 0.818334 2641 1.28556e+06 0 0.0548887 32082.8 36975.2 1.12395e+06 1.71497e+06
222 909587 0.00603743 3.8616e+09 54.8319 0.827052 2641 1.28648e+06 0 0.0548887 32342.7 34635 1.11818e+06 1.71325e+06
221 904128 0.00420335 3.8552e+09 53.3971 0.829534 2641 1.29035e+06 0 0.0548887 32688.6 34402.4 1.11244e+06 1.71154e+06
220 900344 0.0011789 3.85927e+09 52.2372 0.826542 2641 1.29178e+06 0 0.0173834 31495.4 37276 1.10671e+06 1.70983e+06
219 899283 0.0117022 3.87243e+09 50.5399 0.834708 2641 1.28964e+06 0 -0.0358509 32891.7 36934.5 1.101e+06 1.70812e+06
218 888882 0.00265879 3.87354e+09 53.3963 0.859288 2512 1.291e+06 0 -0.0439955 37726.2 33220 1.09936e+06 1.70775e+06
217 886524 0.0010888 3.8506e+09 52.8009 0.85091 2512 1.2954e+06 0 -0.0439955 37612.8 33302.2 1.10025e+06 1.70604e+06
216 885560 -0.00291713 3.88087e+09 52.7888 0.847289 2512 1.29577e+06 0 -0.0439955 37622.2 42413 1.10175e+06 1.70434e+06
215 888151 0.00712714 3.89569e+09 54.3087 0.871097 2512 1.2881e+06 0 -0.0439955 38940.6 33838.4 1.10526e+06 1.70463e+06
214 881866 0.00944169 3.86074e+09 54.7507 0.870607 2512 1.29822e+06 0 -0.0439955 40747.9 30291.3 1.10808e+06 1.7042e+06
213 873617 -0.0128705 3.8826e+09 54.3409 0.862231 2513 1.30318e+06 0 0.0207246 38371.9 42616.9 1.10964e+06 1.7025e+06
212 885008 0.00551886 3.90453e+09 53.8148 0.866909 2641 1.29149e+06 0 0.0207246 34333.1 37128.8 1.11123e+06 1.7008e+06
211 880150 0.00538309 3.88354e+09 54.2533 0.873628 2641 1.2988e+06 0 0.0207246 34599.2 31146.7 1.10797e+06 1.6991e+06
210 875438 0.00280352 3.88737e+09 53.925 0.862283 2641 1.30614e+06 0 0.0207246 33977.4 39405.7 1.10471e+06 1.6974e+06
209 872990 0.00561199 3.92487e+09 55.6411 0.880528 2644 1.29912e+06 0 0.0569899 33727.7 39546.1 1.10146e+06 1.6957e+06
208 868119 0.00716655 3.89817e+09 54.4753 0.893328 2641 1.3004e+06 0 0.0425005 33772.3 29028.4 1.09923e+06 1.69503e+06
207 861941 0.00120725 3.89041e+09 52.1742 0.874722 2641 1.31294e+06 0 0.0288652 33768.6 38908 1.09325e+06 1.69334e+06
206 860902 0.00298391 3.93839e+09 52.2123 0.887972 2641 1.30401e+06 0 0.0762752 32680.9 42484.8 1.08838e+06 1.69165e+06
205 858341 0.00189668 3.91994e+09 53.1105 0.911954 2641 1.30141e+06 0 0.0237676 34750.9 28544.1 1.08621e+06 1.69163e+06
204 856716 0.0065025 3.88747e+09 52.0558 0.884353 2641 1.31746e+06 0 -0.0215565 36262.9 35779.9 1.07883e+06 1.68994e+06
203 851181 -0.0043294 3.95816e+09 53.2129 0.901692 2641 1.31129e+06 0 0.0384691 38055 47215.3 1.07538e+06 1.68825e+06
202 854882 0.00817581 3.924e+09 54.6432 0.924195 2641 1.30043e+06 0 -0.0349846 36325.5 25415 1.07643e+06 1.68771e+06
201 847950 0.00754215 3.90103e+09 53.3208 0.902265 2641 1.32408e+06 0 -0.0396082 42140.3 37457.4 1.07189e+06 1.68603e+06
200 841602 -0.000142103 3.96154e+09 53.9728 0.918704 2641 1.31265e+06 0 0.0233947 40242 45653.5 1.0728e+06 1.68434e+06
199 841722 0.00475136 3.93313e+09 55.8887 0.941137 2641 1.30497e+06 0 -0.0143901 37744.3 27265.9 1.07577e+06 1.68437e+06
198 837741 0.00876507 3.90808e+09 54.3931 0.915664 2641 1.32521e+06 0 -0.0310166 40385.4 37401.9 1.07234e+06 1.68269e+06
197 830462 -0.00304496 3.97638e+09 55.2896 0.936776 2641 1.31571e+06 0 0.0613322 40097.8 46367.8 1.07173e+06 1.68101e+06
196 832999 0.0103549 3.93454e+09 55.5799 0.951392 2651 1.30733e+06 0 0.00351621 35206.3 25373.4 1.07361e+06 1.68056e+06
195 824461 0.00578141 3.922e+09 53.4505 0.925988 2641 1.33017e+06 0 0.00351621 38155.3 40475.7 1.06731e+06 1.67888e+06
194 819722 -0.0065734 3.98632e+09 54.0054 0.950469 2641 1.31618e+06 0 0.0424759 36691.9 45360.6 1.06536e+06 1.6772e+06
193 825146 0.00529524 3.94389e+09 54.2049 0.965301 2641 1.31198e+06 0 -0.0342945 36589.7 25749 1.06456e+06 1.67666e+06
192 820800 0.00826627 3.93626e+09 53.1095 0.942072 2641 1.3335e+06 0 -0.0394579 43340 40780 1.05969e+06 1.67499e+06
191 814071 -0.00615671 3.99667e+09 55.2896 0.972714 2641 1.31931e+06 0 0.0516445 43288.7 43796.4 1.06176e+06 1.67449e+06
190 819114 0.00440278 3.93397e+09 55.6353 0.969639 2641 1.31675e+06 0 -0.0371555 37820.8 25414.4 1.06358e+06 1.67334e+06
189 815523 0.00430471 3.96261e+09 54.5003 0.947767 2641 1.33696e+06 0 -0.0371555 43885.4 47185.2 1.058e+06 1.67167e+06
188 812028 -0.00161986 4.0141e+09 56.6488 0.996047 2641 1.31599e+06 0 -0.00491635 44127.9 38857.5 1.06214e+06 1.67301e+06
187 813345 0.0133399 3.93287e+09 56.4118 0.985412 2641 1.32557e+06 0 -0.0472746 42968.9 23638.2 1.06463e+06 1.67269e+06
186 802638 -0.0105261 3.98242e+09 55.0973 0.965837 2646 1.34279e+06 0 0.0314122 45783.6 51403.7 1.06334e+06 1.67101e+06
185 811177 -0.00286696 4.0129e+09 55.8637 0.992132 2792 1.31562e+06 0 0.0399375 37903.4 36561.8 1.06633e+06 1.67039e+06
184 813509 0.0159198 3.9519e+09 54.5646 0.977311 2792 1.33219e+06 0 -0.0454498 39195.1 28468.7 1.06224e+06 1.66872e+06
183 800761 0.00151629 4.01763e+09 55.1645 0.98653 2792 1.34239e+06 0 0.0660942 46271.2 49712.6 1.05749e+06 1.66705e+06
182 799549 0.0078015 3.99936e+09 55.4342 1.01366 2796 1.32198e+06 0 0.0395882 37510.6 29441.1 1.06154e+06 1.66761e+06
181 793359 0.00191324 3.96779e+09 52.7686 0.990445 2796 1.34397e+06 0 0.0175813 39227.6 36700.2 1.05476e+06 1.66594e+06
180 791844 -0.0105822 4.02487e+09 52.1529 0.993916 2796 1.33786e+06 0 0.0424522 38170.3 48277.9 1.05005e+06 1.66428e+06
179 800313 0.0067953 4.0131e+09 52.5048 1.01706 2796 1.3273e+06 0 -0.0435624 39162 31129.6 1.04704e+06 1.66262e+06
178 794912 -4.21312e-05 3.99435e+09 52.3526 1.01709 2792 1.34639e+06 0 -0.0435624 49741 35778.2 1.04212e+06 1.66096e+06
177 794945 0.0014472 4.01059e+09 52.3532 1.00767 2794 1.34246e+06 0 -0.0435624 47867.5 42707.3 1.04379e+06 1.6593e+06
176 793796 0.00665937 4.03837e+09 53.7943 1.03216 2805 1.33618e+06 0 -0.0435624 48927.4 39232.5 1.04548e+06 1.65764e+06
175 788545 0.0255711 4.01189e+09 54.2375 1.04306 2792 1.34162e+06 0 -0.0308528 49548.4 31782.1 1.0472e+06 1.65598e+06
174 768884 -0.00197246 4.02752e+09 55.9269 1.05255 2646 1.35091e+06 0 0.031984 49052.8 42600.2 1.04908e+06 1.65447e+06
173 770404 -0.00625046 4.03593e+09 55.4725 1.05242 2728 1.34205e+06 0 0.031984 40838.1 39235.1 1.04985e+06 1.65282e+06
172 775249 0.0100323 4.04055e+09 55.1573 1.04741 2801 1.34728e+06 0 0.031984 40748.4 38637.8 1.04567e+06 1.65117e+06
171 767549 0.00643489 4.05401e+09 55.8825 1.06638 2792 1.35009e+06 0 0.031984 43513.5 39225.9 1.04172e+06 1.64974e+06
170 762641 0.00522903 4.04108e+09 56.7455 1.07324 2803 1.35164e+06 0 0.031984 42934.9 35279.5 1.03805e+06 1.64859e+06
169 758674 0.0039391 4.04349e+09 55.5783 1.06401 2797 1.35614e+06 0 0.0366976 41074.9 40714.6 1.03389e+06 1.64695e+06
168 755697 0.000477804 4.07473e+09 56.2962 1.07973 2805 1.35182e+06 0 0.0690616 40710.3 41798 1.02973e+06 1.6453e+06
167 755337 0.00285919 4.05133e+09 55.6435 1.08475 2805 1.35262e+06 0 0.0254959 39924.1 33488.6 1.02521e+06 1.64366e+06
166 753183 -0.00292307 4.05646e+09 53.5009 1.0738 2805 1.36307e+06 0 0.00903003 43064.6 42425.3 1.01815e+06 1.64201e+06
165 755391 -0.00128098 4.08053e+09 53.8744 1.08814 2805 1.35525e+06 0 -0.0203764 44618 41509.1 1.01452e+06 1.64037e+06
164 756360 0.00566616 4.06301e+09 53.1839 1.10146 2805 1.35696e+06 0 -0.0452997 49680.3 34077.1 1.01218e+06 1.63874e+06
163 752098 0.00237957 4.06195e+09 53.106 1.09872 2805 1.36501e+06 0 -0.0452997 54610.7 40499.7 1.01213e+06 1.6371e+06
162 750313 0.00106762 4.08541e+09 53.7159 1.11104 2805 1.35915e+06 0 -0.0452997 54777.4 42085.2 1.01402e+06 1.63546e+06
161 749513 0.00898505 4.08262e+09 54.876 1.12693 2805 1.3588e+06 0 -0.0452997 56011.7 36035.9 1.0163e+06 1.63419e+06
160 742838 0.00829669 4.07868e+09 55.0494 1.12766 2802 1.36664e+06 0 -0.0153679 56273.5 38791 1.0185e+06 1.6328e+06
159 736726 0.00538702 4.09311e+09 55.9274 1.12965 2805 1.36571e+06 0 0.0182972 50951.9 42084.7 1.02059e+06 1.63129e+06
158 732779 0.00520724 4.10033e+09 56.8273 1.13911 2805 1.3644e+06 0 0.0581045 46138.4 39046.4 1.02084e+06 1.63031e+06
157 728983 0.00758498 4.09599e+09 56.726 1.13848 2805 1.36922e+06 0 0.0711507 43495.4 38586.7 1.0178e+06 1.62874e+06
156 723495 -0.00946339 4.11465e+09 57.4887 1.14639 2805 1.37164e+06 0 0.0794676 43224.8 42296.4 1.01174e+06 1.62736e+06
155 730407 0.00441563 4.11466e+09 55.9298 1.14234 2975 1.37018e+06 0 0.0978507 42158.2 37891.8 1.00439e+06 1.62573e+06
154 727196 0.00195278 4.10983e+09 54.7886 1.13739 2975 1.37643e+06 0 0.0451086 41976.7 40151.2 996417 1.62411e+06
153 725779 0.00384796 4.13259e+09 53.7053 1.14839 2975 1.37643e+06 0 0.00699572 45253.3 43088.7 987012 1.62248e+06
152 722997 -0.00256093 4.12231e+09 55.1019 1.16999 2881 1.37481e+06 0 -0.0306617 49261.4 36377.4 981835 1.62086e+06
151 724853 0.0018759 4.11448e+09 53.7264 1.16383 2874 1.38243e+06 0 -0.0494327 56916 40373.2 979666 1.61924e+06
150 723496 0.0013886 4.14495e+09 54.2631 1.18504 2874 1.37899e+06 0 -0.0494327 63996.7 43498.1 980799 1.61797e+06
149 722492 0.00144755 4.12011e+09 54.868 1.19766 2874 1.37637e+06 0 -0.0494327 64677.3 33947.5 984253 1.61753e+06
148 721448 0.000190716 4.11276e+09 54.2209 1.17214 2874 1.38656e+06 0 -0.0494327 63885.2 43559.8 986555 1.61591e+06
147 721311 -0.00868846 4.17073e+09 55.4769 1.19701 2882 1.37825e+06 0 -0.0494327 65839.2 47713.9 988885 1.6143e+06
146 727633 0.0184925 4.14262e+09 55.9828 1.21694 2975 1.37579e+06 0 -0.0494327 67908.7 29882.3 992803 1.61424e+06
145 714421 0.0106483 4.12592e+09 54.9795 1.19955 2991 1.39519e+06 0 0.00871473 67298.2 40779.7 995190 1.61263e+06
144 706894 0.00828625 4.15764e+09 55.1134 1.19277 2995 1.38578e+06 0 0.0435021 52605.8 48135.3 997608 1.61102e+06
143 701085 -7.06595e-05 4.17991e+09 57.7237 1.23046 2975 1.3802e+06 0 0.0435021 48116 39342.6 995741 1.60987e+06
142 701134 0.00776682 4.14518e+09 57.1044 1.22217 3030 1.39081e+06 0 0.0572211 48402.7 34198.5 990554 1.60826e+06
141 695730 0.00636831 4.16833e+09 55.5722 1.2066 3030 1.39826e+06 0 0.0572211 46822 47870.5 985375 1.60665e+06
140 691328 0.00102903 4.20983e+09 56.2459 1.253 3030 1.38664e+06 0 0.0817753 47118.9 41933.3 979417 1.60539e+06
139 690617 0.00518906 4.15151e+09 54.6817 1.24912 3030 1.39438e+06 0 0.0240712 47599.1 30350.6 973140 1.60379e+06
138 687052 0.00766309 4.18272e+09 52.7257 1.2247 3030 1.40827e+06 0 0.0240712 51565.8 51212.5 964877 1.60218e+06
137 681827 -0.0111897 4.23196e+09 55.0952 1.28924 3030 1.38876e+06 0 0.0411997 53251.9 42434.8 963022 1.60228e+06
136 689543 0.0242134 4.13228e+09 53.6892 1.25295 3030 1.3992e+06 0 -0.0383864 52254.1 27973.3 959477 1.60067e+06
135 673241 -0.0193171 4.25544e+09 54.2325 1.27675 3030 1.41567e+06 0 0.0582246 67671.4 62064.2 954546 1.59908e+06
134 686503 0.00549773 4.17688e+09 53.9461 1.29492 3030 1.38233e+06 0 -0.039169 50249.3 22667 956039 1.59748e+06
133 682749 0.00864964 4.19428e+09 52.6357 1.2708 3030 1.42352e+06 0 -0.039169 71043 49757.6 949722 1.59588e+06
132 676894 -0.00287405 4.26518e+09 54.3694 1.34029 3144 1.39725e+06 0 0.0116722 74927.4 45292.8 954479 1.59748e+06
131 678845 0.0268163 4.13008e+09 51.4026 1.29451 3144 1.40307e+06 0 -0.0358511 60202.5 23199.1 956057 1.59588e+06
130 661117 -0.0125164 4.26638e+09 51.611 1.28934 3144 1.42678e+06 0 0.067182 68339.1 69073.2 953510 1.59429e+06
129 669496 0.00248674 4.23606e+09 53.7381 1.35889 3144 1.38159e+06 0 -0.0082791 51780.7 25280.9 957279 1.59513e+06
128 667836 0.0230582 4.16203e+09 51.8362 1.30932 3146 1.42718e+06 0 -0.0308294 67045.2 36461.2 950171 1.59354e+06
127 652784 -0.0177496 4.2863e+09 52.7068 1.33729 3182 1.41704e+06 0 0.100114 69275.5 61722.3 949255 1.59195e+06
126 664580 0.00683454 4.19802e+09 52.4727 1.35147 3182 1.39228e+06 0 -0.0167299 50688.4 21684.4 950183 1.59036e+06
125 660068 0.020354 4.21821e+09 50.6672 1.31926 3182 1.43385e+06 0 -0.0167299 70455.3 52197.8 940364 1.58877e+06
124 646901 -0.00667887 4.29843e+09 54.0693 1.41726 3149 1.40432e+06 0 0.021469 73986.9 45871 943316 1.59036e+06
123 651251 0.0237242 4.15021e+09 51.8127 1.36863 3147 1.41107e+06 0 -0.0310925 62279.7 20906.3 943091 1.58877e+06
122 636158 -0.0142307 4.2827e+09 51.7581 1.35457 3182 1.43791e+06 0 0.0676201 72744.6 71127.1 939745 1.58718e+06
121 645342 0.000568666 4.25538e+09 54.1719 1.42107 3182 1.38832e+06 0 0.00669029 55002.6 28203.7 943351 1.58825e+06
120 644975 0.0245455 4.17166e+09 52.3972 1.36456 3182 1.43264e+06 0 -0.0234041 68644.1 38552.4 936205 1.58666e+06
119 629523 -0.026998 4.33996e+09 52.996 1.38144 3229 1.4235e+06 0 0.0931611 71977.4 67083.8 934073 1.58508e+06
118 646991 0.0203767 4.23214e+09 54.0223 1.44399 3229 1.3955e+06 0 -0.0193407 53146.1 12596.5 936430 1.58552e+06
117 634071 0.0221143 4.19053e+09 51.5698 1.38679 3188 1.4518e+06 0 -0.0193407 80719.8 49890.7 927191 1.58394e+06
116 620352 -0.034609 4.3674e+09 52.7874 1.41486 3229 1.41573e+06 0 0.0977237 73294.2 65244.4 927185 1.58235e+06
115 642591 0.020591 4.2313e+09 54.0373 1.46861 3229 1.40181e+06 0 -0.0286622 55669.2 7839.04 928163 1.58175e+06
114 629627 0.0212909 4.21311e+09 51.5838 1.40781 3229 1.46098e+06 0 -0.0190199 88980.9 54421.3 918555 1.58017e+06
113 616501 -0.0253194 4.37764e+09 53.5104 1.45032 3229 1.41545e+06 0 0.0541978 78901.9 62391.1 919309 1.57859e+06
112 632516 0.021806 4.24122e+09 54.4934 1.50733 3229 1.40936e+06 0 -0.0334484 64824.2 9131.77 921267 1.57899e+06
111 619018 0.0266165 4.22247e+09 52.3232 1.44264 3229 1.4644e+06 0 -0.0122243 93631.5 55609.2 915239 1.57742e+06
110 602969 -0.02815 4.40027e+09 54.3398 1.48966 3231 1.41877e+06 0 0.062788 81341.4 63375.6 916399 1.57584e+06
109 620434 0.0136465 4.25404e+09 55.6179 1.55323 3231 1.41249e+06 0 -0.0249299 64622.3 5443.38 918981 1.57742e+06
108 612081 0.0169706 4.23781e+09 52.3979 1.46779 3331 1.47197e+06 0 -0.00895331 95705.5 55222.8 912225 1.57584e+06
107 601867 -0.022729 4.39305e+09 52.8645 1.50336 3392 1.42306e+06 0 0.0664359 79682.8 62335.1 912697 1.57427e+06
106 615865 0.0213618 4.28199e+09 55.1727 1.56048 3392 1.41763e+06 0 6.58502e-05 66640.3 12224.2 913901 1.57474e+06
105 602984 0.0222413 4.26512e+09 53.691 1.50417 3392 1.46956e+06 0 6.58502e-05 90406.4 50488.2 906835 1.57316e+06
104 589865 -0.00927839 4.37072e+09 55.7105 1.56972 3406 1.43241e+06 0 0.0918958 80374.3 56744.4 905520 1.57185e+06
103 595389 0.0260006 4.25143e+09 53.9109 1.5489 3406 1.42676e+06 0 0.0230046 61344 23269.3 903944 1.57028e+06
102 580301 -0.000189454 4.34147e+09 53.1425 1.55063 3406 1.46209e+06 0 0.100972 77227.4 64250.5 894790 1.56871e+06
101 580411 -0.000986581 4.31956e+09 53.9471 1.60521 3392 1.42218e+06 0 0.0643399 62933.8 35963.4 891341 1.56715e+06
100 580984 0.0308421 4.25263e+09 52.6307 1.55197 3392 1.4523e+06 0 0.0201874 70156.6 44222.9 881512 1.56558e+06
99 563601 -0.0400689 4.45237e+09 53.9401 1.59221 3408 1.44497e+06 0 0.138769 78661.7 67398.2 874729 1.56402e+06
98 587127 0.0238123 4.29653e+09 54.8912 1.66174 3406 1.42259e+06 0 0.00232626 58835.4 2229.13 872433 1.56335e+06
97 573471 0.0130676 4.29154e+09 51.9112 1.60039 3406 1.4894e+06 0 0.00747536 101633 55708.6 859681 1.56179e+06
96 566074 -0.0138172 4.40964e+09 54.2443 1.65444 3407 1.43727e+06 0 0.0463206 90668.3 58713.3 857936 1.56023e+06
95 574005 0.018039 4.32348e+09 54.9327 1.70307 3406 1.4356e+06 0 0.00197382 87037.3 20795.9 856850 1.55973e+06
94 563834 0.0118783 4.31178e+09 54.0592 1.65669 3406 1.47511e+06 0 0.0157142 102720 50511.8 851596 1.55818e+06
93 557215 -0.00750066 4.38422e+09 55.585 1.69592 3406 1.44628e+06 0 0.0530729 92771.7 55737.9 849883 1.55662e+06
92 561426 0.00290092 4.33004e+09 56.1908 1.70991 3423 1.44237e+06 0 0.0307066 87896.1 33204.8 847077 1.55507e+06
91 559803 0.000274715 4.35039e+09 54.4415 1.69047 3526 1.4666e+06 0 0.0358732 100929 52184.7 841296 1.55351e+06
90 559649 0.00731508 4.37732e+09 55.6322 1.72886 3526 1.44848e+06 0 0.0358732 101491 46997 837308 1.55196e+06
89 555585 0.015238 4.36401e+09 57.4338 1.77422 3526 1.45529e+06 0 0.0281812 111607 38535.4 832916 1.55041e+06
88 547246 0.00807081 4.33816e+09 57.1523 1.76402 3526 1.46429e+06 0 0.0281812 111317 43659.1 828535 1.54886e+06
87 542864 0.00096419 4.36484e+09 57.3501 1.75212 3526 1.45984e+06 0 0.0339438 102329 53262.9 824768 1.54731e+06
86 542341 0.0093187 4.40375e+09 59.7361 1.80833 3531 1.4512e+06 0 0.0440329 104346 45958 821006 1.54577e+06
85 537334 0.0291334 4.3663e+09 59.0952 1.83756 3594 1.46012e+06 0 0.0647868 108240 34486.4 816796 1.54422e+06
84 522123 0.0138768 4.36084e+09 57.3043 1.82191 3604 1.47314e+06 0 0.10892 100579 48757.4 811801 1.54268e+06
83 514977 -0.00168735 4.3883e+09 56.2862 1.82314 3604 1.46061e+06 0 0.122665 82050.5 52253.1 805188 1.54114e+06
82 515847 0.000428947 4.39544e+09 55.0654 1.84864 3604 1.45878e+06 0 0.105766 79870.3 44807.4 795157 1.5396e+06
81 515626 0.00289567 4.3857e+09 55.1483 1.86528 3599 1.46797e+06 0 0.092265 89729.1 43147.6 784142 1.53806e+06
80 514137 0.0100737 4.39825e+09 56.0982 1.88514 3604 1.47036e+06 0 0.092265 100110 46947.9 774531 1.53653e+06
79 509010 0.0149097 4.39786e+09 57.7235 1.92468 3604 1.4671e+06 0 0.092265 104903 43201.7 766025 1.53499e+06
78 501532 0.0164039 4.3948e+09 58.523 1.95318 3604 1.4713e+06 0 0.101447 109191 44120.2 757584 1.53346e+06
77 493438 0.023094 4.39591e+09 59.5286 1.97157 3604 1.47116e+06 0 0.115883 105881 45509.6 749203 1.53192e+06
76 482299 0.00533163 4.41222e+09 60.726 2.01572 3604 1.47014e+06 0 0.141916 101804 46555.4 740209 1.53039e+06
75 479742 0.0122713 4.37249e+09 59.9408 1.98451 3604 1.47051e+06 0 0.129296 89114.5 42382.8 730227 1.52887e+06
74 473926 0.0028274 4.45562e+09 60.7594 2.03439 3697 1.47597e+06 0 0.157755 96440.3 56942.1 718447 1.52734e+06
73 472590 0.0201617 4.39105e+09 61.4109 2.06522 3697 1.46268e+06 0 0.143498 86958 30875 707705 1.52581e+06
72 463250 0.00763413 4.41424e+09 60.1764 2.05547 3697 1.49049e+06 0 0.160155 96411.9 53653.2 695053 1.52429e+06
71 459740 0.0058951 4.4406e+09 59.9752 2.10594 3697 1.46889e+06 0 0.160155 89934.4 47096.1 683556 1.52277e+06
70 457046 0.0203427 4.422e+09 59.7508 2.14115 3697 1.47665e+06 0 0.160155 95720.3 39538.2 671049 1.52124e+06
69 447934 0.0216321 4.42663e+09 58.7286 2.16654 3697 1.48546e+06 0 0.172697 100538 46806.3 658706 1.51972e+06
68 438449 0.00712699 4.43676e+09 59.291 2.21462 3697 1.47924e+06 0 0.19621 95461 45544.4 646525 1.51821e+06
67 435346 0.0293445 4.39799e+09 57.493 2.18234 3697 1.48079e+06 0 0.176792 85124.3 43506.6 633698 1.51669e+06
66 422935 -0.00399862 4.50378e+09 60.4195 2.29935 3697 1.48418e+06 0 0.217115 96586.4 56863.1 619523 1.51517e+06
65 424633 0.0267164 4.38626e+09 59.4428 2.29353 3763 1.47121e+06 0 0.197137 80746.1 22600.1 606840 1.51366e+06
64 413584 0.0116433 4.44662e+09 57.0463 2.25782 3786 1.5066e+06 0 0.231685 90100.7 62720 591823 1.51215e+06
63 408824 0.0112537 4.48991e+09 58.8491 2.38393 3786 1.46729e+06 0 0.231685 79160.7 43680.7 578308 1.51064e+06
62 404274 0.0249951 4.40595e+09 58.2759 2.38911 3786 1.48748e+06 0 0.231685 81482.9 30147.2 562956 1.50913e+06
61 394416 0.00982305 4.45007e+09 57.4311 2.36792 3786 1.50196e+06 0 0.255014 83364.9 58713 547909 1.50762e+06
60 390579 0.0117536 4.48551e+09 59.0092 2.47476 3786 1.47387e+06 0 0.255014 75247.5 43876.5 533173 1.50611e+06
59 386042 0.0279737 4.42556e+09 58.9129 2.49534 3786 1.48863e+06 0 0.255014 78368.7 33353 517462 1.50461e+06
58 375537 0.0134132 4.45717e+09 58.0346 2.50159 3786 1.50049e+06 0 0.279785 79815.6 54156.5 502090 1.50311e+06
57 370566 0.0104957 4.47619e+09 58.9519 2.5821 3786 1.48043e+06 0 0.279785 70765.1 43866.8 487062 1.50161e+06
56 366717 0.0264524 4.44579e+09 57.9834 2.60359 3786 1.49101e+06 0 0.279785 72916 38686.9 471106 1.50011e+06
55 357267 0.0119911 4.47062e+09 58.442 2.65154 3786 1.49737e+06 0 0.303305 75584.8 49490.6 455534 1.49861e+06
54 353033 0.0229551 4.45614e+09 57.9894 2.68731 3786 1.4872e+06 0 0.303305 66930.1 40678.9 440354 1.49711e+06
53 345111 0.0124181 4.46991e+09 58.4999 2.74183 3786 1.49551e+06 0 0.325827 69384.9 46305.2 424466 1.49561e+06
52 340878 0.0207646 4.45086e+09 58.159 2.75865 3786 1.49066e+06 0 0.325827 61810.3 41246.1 409009 1.49412e+06
51 333944 0.0128978 4.47851e+09 58.4492 2.81612 3786 1.49527e+06 0 0.350794 63942.9 48152.4 392994 1.49263e+06
50 329692 0.0249751 4.45338e+09 58.4564 2.85358 3786 1.4889e+06 0 0.350794 56518 38298.2 377457 1.49114e+06
49 321658 0.0130964 4.46614e+09 57.9337 2.89404 3786 1.49815e+06 0 0.385423 57608.8 47147.8 361371 1.48965e+06
48 317500 0.0221679 4.45863e+09 57.8291 2.92732 3786 1.48974e+06 0 0.385423 48903.8 41937.1 345801 1.48816e+06
47 310615 0.011257 4.46986e+09 58.2038 2.99458 3786 1.49401e+06 0 0.422612 49728.1 44712.9 329433 1.48667e+06
46 307157 0.0192701 4.44391e+09 58.0811 3.00195 3786 1.4915e+06 0 0.422612 42345.6 39767.7 313654 1.48519e+06
45 301350 0.0122118 4.47121e+09 58.0438 3.04642 3786 1.49525e+06 0 0.461683 42972.8 48682.2 297159 1.4837e+06
44 297714 0.0131574 4.45677e+09 58.2335 3.11147 3786 1.48657e+06 0 0.461683 37356.3 38564.8 281316 1.48222e+06
43 293848 0.0170191 4.44046e+09 57.5909 3.10901 3786 1.4957e+06 0 0.500334 37326.8 42627.5 264873 1.48074e+06
42 288931 0.0112671 4.45634e+09 57.8107 3.14917 3786 1.49087e+06 0 0.553468 33085.2 46473.5 249180 1.47926e+06
41 285711 0.014718 4.44569e+09 57.7898 3.20256 3786 1.48542e+06 0 0.553468 28522 39662.7 233108 1.47778e+06
40 281567 0.0147343 4.43328e+09 57.6313 3.22044 3786 1.49073e+06 0 0.596735 28359.2 42515.5 216395 1.47631e+06
39 277479 0.0121639 4.43677e+09 57.4825 3.25704 3786 1.48717e+06 0 0.647046 25098.8 44222.6 200596 1.47483e+06
38 274144 0.0122367 4.42656e+09 57.6247 3.30283 3786 1.48302e+06 0 0.693536 22148.7 40829 184700 1.47336e+06
37 270830 0.01212 4.41105e+09 57.2989 3.31814 3786 1.48418e+06 0 0.764508 20260.6 41735.6 168689 1.47189e+06
36 267587 0.0103926 4.40998e+09 56.8689 3.3446 3786 1.48077e+06 0 0.847231 17412 43913.7 152837 1.47042e+06
35 264835 0.0101681 4.40082e+09 57.1415 3.38884 3786 1.47558e+06 0 0.949871 14931.2 41052.1 136858 1.46895e+06
34 262169 0.00841002 4.37782e+09 56.3624 3.39553 3786 1.47522e+06 0 1.06473 12583.8 40748.3 120830 1.46748e+06
33 259982 0.00758842 4.37724e+09 56.7197 3.4085 3786 1.47216e+06 0 1.19806 10927.7 44650.5 104739 1.46601e+06
32 258024 0.00788567 4.36334e+09 57.3825 3.4545 3786 1.46446e+06 0 1.37338 9002.42 40321.8 89880.8 1.46559e+06
31 256006 0.00851439 4.3291e+09 57.5704 3.45005 3786 1.46427e+06 0 1.60089 7610.81 39754.7 75125.3 1.46482e+06
30 253844 0.00525968 4.31882e+09 57.4518 3.45021 3786 1.45962e+06 0 1.92571 5886.06 44753.2 60976.3 1.46411e+06
29 252516 0.00676679 4.30007e+09 58.2488 3.49509 3786 1.44817e+06 0 2.33119 4914.1 40377.1 49275.5 1.46501e+06
28 250819 0.00651951 4.24999e+09 58.1626 3.48329 3786 1.44473e+06 0 2.7777 4200.85 37675.8 38098.6 1.46528e+06
27 249194 0.0026414 4.24235e+09 57.1761 3.44105 3786 1.43845e+06 0 4.31001 2429.38 44800.1 27318.1 1.46399e+06
26 248538 0.00189272 4.29984e+09 57.7539 3.47709 3786 1.4217e+06 0 4.31001 1063.99 41672.9 19775.4 1.46379e+06
25 248068 0.00237663 4.27306e+09 58.1577 3.48223 3786 1.41914e+06 0 4.66168 1062.08 36104.9 10156.8 1.46347e+06
24 247480 0.00192054 4.27587e+09 57.5962 3.43877 3786 1.43838e+06 0 4.66168 1048.83 44486.2 8690.06 1.46201e+06
23 247006 0.00146618 4.29942e+09 58.7458 3.49932 3786 1.42942e+06 0 4.66168 1067.29 42911.1 9038.24 1.46237e+06
22 246644 0.00217705 4.26284e+09 59.1278 3.51722 3786 1.43036e+06 0 4.66168 1072.75 34041.3 9688.6 1.46302e+06
21 246108 0.00141139 4.25231e+09 57.8528 3.44557 3786 1.43824e+06 0 5.02712 1050.9 44637.4 8221.51 1.46156e+06
20 245761 0.000640656 4.26896e+09 59.3091 3.51257 3786 1.426e+06 0 4.45969 720.077 45119.3 9104.63 1.46245e+06
19 245604 0.0031283 4.24958e+09 59.8879 3.53242 3786 1.42248e+06 0 4.45969 1080.92 31338.1 10335.3 1.46369e+06
18 244838 0.00113927 4.23087e+09 58.1428 3.42987 3786 1.42805e+06 0 4.89516 1046.11 43985 4514.37 1.46222e+06
17 244560 0.00343383 4.27356e+09 59.6827 3.4992 3786 1.42156e+06 0 4.49459 717.337 48204.9 4098.22 1.46181e+06
16 243723 0.00222364 4.23411e+09 60.559 3.57382 3786 1.41531e+06 0 4.49459 1093.59 28202.8 5556.64 1.46327e+06
15 243182 0.00183335 4.20015e+09 57.9394 3.41632 3786 1.42958e+06 0 4.49459 1045.39 41830.8 2702.83 1.46181e+06
14 242737 -0.00582239 4.28237e+09 59.1902 3.47527 3786 1.41639e+06 0 4.11544 1059.96 54014.1 549.769 1.46035e+06
13 244158 0.015101 4.23986e+09 61.1139 3.59281 3786 1.40503e+06 0 1.15192 1817.96 24920.6 1340.35 1.46114e+06
12 240526 0.00767442 4.20121e+09 60.1936 3.504 3786 1.43253e+06 0 3.28359 9714.12 39288.6 -1.45969 1.45968e+06
11 238694 0.00417923 4.25711e+09 60.1541 3.5022 3786 1.41831e+06 0 4.20513 2469.05 52152.4 -1459.69 1.45823e+06
10 237701 0.00139797 4.25828e+09 62.8909 3.66148 3786 1.40538e+06 0 4.20513 1482.9 33385.3 0 1.45969e+06
9 237369 0.00421363 4.18128e+09 61.1799 3.54392 3786 1.42408e+06 0 4.20513 1435.29 32920.1 0 1.45969e+06
8 236373 0.00230243 4.24941e+09 60.2006 3.49345 3786 1.42447e+06 0 4.20513 1414.85 58592.4 0 1.45969e+06
7 235830 0.00424407 4.25796e+09 64.3385 3.71622 3786 1.39872e+06 0 4.20513 1505.07 35704.8 0 1.45969e+06
6 234834 0.000569203 4.12145e+09 61.9747 3.56501 3786 1.42151e+06 0 0.5 1443.83 32754.2 0 1.45969e+06
5 234700 -0.00173064 4.16493e+09 58.8182 3.38268 3786 1.42437e+06 0 0.5 0 78299.7 0 1.45969e+06
4 235107 -0.00579889 4.12094e+09 62.5675 3.5787 3786 1.3787e+06 0 0.5 0 66440.1 0 1.45969e+06
3 236478 -0.00624668 3.7769e+09 56.6146 3.24024 3786 1.39325e+06 0 0.5 0 81154.6 0 1.45969e+06
2 237965 -0.0118483 3.73823e+09 49.2788 2.82833 3786 1.37853e+06 0 0.5 0 204732 0 1.45969e+06
1 240818 -0.0495733 3.7019e+09 41.4827 2.34323 3786 1.26344e+06 -8488.27 0.5 0 303251 0 1.45969e+06
0 253379 0 1.37224e+09 41.5157 2.32766 4000 1.25051e+06 -94070.8 0.5 0 388711 0 1.45969e+06
