           1780
           1760
           1740
           1760
           1760
           1760
           1780
           1780
           1780
           1980
           1980
           1980
           1980
           2000
           2000
           2000
           2000
           2000
           2000
           1880
           1880
           1860
           1840
           1820
           1820
           1820
           1820
           1800
           1800
           1980
           1980
           2000
           2000
           2000
           2000
           2000
           2000
           2000
           2000
           1800
           1800
           1800
           1800
           1820
           1820
           1820
           1820
           1800
           1800
           1800
           1800
           1800
           1800
           1800
           2000
           2000
           2000
           2000
           2000
           2000
           2000
           2000
           2000
           2000
        1453.56
        1433.56
        1433.56
        1433.56
        1433.56
        1413.56
        1413.56
        1413.56
        1393.56
        1373.56
        1573.56
        1573.56
        1573.56
        1553.56
        1553.56
        1533.56
        1513.56
        1513.56
        1493.56
        1493.56
        1493.56
        1493.56
        1493.56
        1473.56
        1453.56
        1653.56
        1639.02
        1639.02
        1639.02
        1639.02
        1623.68
        1607.55
        1607.55
        1591.42
        1591.42
        1591.42
