3.0573 0 1780 0.139488
3.0573 0.1 1760 0.139488
3.0573 0.1 1740 0.139488
3.0573 -0.1 1760 0.139488
3.0573 0 1760 0.139488
0 0 1760 nan
0 -0.1 1780 nan
0 0 1780 nan
0 0 1780 nan
0 -1 1980 nan
281279 0 1980 1.61454e+07
281279 0 1980 1.61454e+07
281279 0 1980 1.61454e+07
281279 -0.1 2000 1.61454e+07
281279 0 2000 1.61454e+07
281279 0.1 2000 1.61454e+07
281279 0 2000 1.61454e+07
281279 0.1 2000 1.61454e+07
281279 0 2000 1.61454e+07
281279 92001.6 1880 1.61454e+07
3.0573 0 1880 0.386678
3.0573 0.1 1860 0.386678
3.0573 0.1 1840 0.386678
3.0573 0.1 1820 0.386678
3.0573 0 1820 0.386678
0 0 1820 nan
0 0 1820 nan
0 0.1 1800 nan
0 0 1800 nan
0 -0.9 1980 nan
282562 0 1980 1.05772e+07
282562 -0.1 2000 1.05772e+07
282562 0 2000 1.05772e+07
282562 0.1 2000 1.05772e+07
282562 0 2000 1.05772e+07
282562 0 2000 1.05772e+07
282562 0 2000 1.05772e+07
282562 0 2000 1.05772e+07
282562 0 2000 1.05772e+07
282562 92421.1 1800 1.05772e+07
3.0573 0 1800 10029.6
3.0573 0 1800 10029.6
3.0573 0 1800 10029.6
3.0573 -0.1 1820 10029.6
3.0573 0 1820 10029.6
3.0573 0 1820 0.147827
3.0573 0 1820 0.147827
3.0573 0.1 1800 0.147827
3.0573 0 1800 0.147827
3.0573 0 1800 0.147827
0 0 1800 nan
0 0 1800 nan
0 0 1800 nan
0 0 1800 nan
0 -1 2000 nan
283464 0 2000 6.6555e+07
283464 0 2000 6.6555e+07
283464 0 2000 6.6555e+07
283464 0 2000 6.6555e+07
283464 0.1 2000 6.6555e+07
283464 0.1 2000 6.6555e+07
283464 0.1 2000 6.6555e+07
283464 0 2000 6.6555e+07
283464 0 2000 6.6555e+07
283464 92716 1453.56 6.6555e+07
3.0573 0.1 1433.56 1.96546
3.0573 0 1433.56 1.96546
3.0573 0 1433.56 1.96546
3.0573 0 1433.56 1.96546
3.0573 0.1 1413.56 1.96546
0 0 1413.56 nan
0 0 1413.56 nan
0 0.1 1393.56 nan
0 0.1 1373.56 nan
0 -1 1573.56 nan
3.0573 0 1573.56 0.000512532
3.0573 0 1573.56 0.000512532
3.0573 0.1 1553.56 0.000512532
3.0573 0 1553.56 0.000512532
3.0573 0.1 1533.56 0.000512532
3.0573 0.1 1513.56 0.000512532
3.0573 0 1513.56 0.000512532
3.0573 0.1 1493.56 0.000512532
3.0573 0 1493.56 0.000512532
3.0573 0 1493.56 0.000512532
0 0 1493.56 nan
0 0 1493.56 nan
0 0.1 1473.56 nan
0 0.1 1453.56 nan
0 -1 1653.56 nan
281944 0.1 1639.02 3.40232e+06
281944 0 1639.02 3.40232e+06
281944 0 1639.02 3.40232e+06
281944 0 1639.02 3.40232e+06
281944 0.1 1623.68 3.40232e+06
281944 0.1 1607.55 3.40232e+06
281944 0 1607.55 3.40232e+06
281944 0.1 1591.42 3.40232e+06
281944 0 1591.42 3.40232e+06
281944 0 1591.42 3.40232e+06
