              0
            0.1
            0.1
           -0.1
              0
              0
           -0.1
              0
              0
             -1
              0
              0
              0
           -0.1
              0
            0.1
              0
            0.1
              0
        92001.6
              0
            0.1
            0.1
            0.1
              0
              0
              0
            0.1
              0
           -0.9
              0
           -0.1
              0
            0.1
              0
              0
              0
              0
              0
        92421.1
              0
              0
              0
           -0.1
              0
              0
              0
            0.1
              0
              0
              0
              0
              0
              0
             -1
              0
              0
              0
              0
            0.1
            0.1
            0.1
              0
              0
          92716
            0.1
              0
              0
              0
            0.1
              0
              0
            0.1
            0.1
             -1
              0
              0
            0.1
              0
            0.1
            0.1
              0
            0.1
              0
              0
              0
              0
            0.1
            0.1
             -1
            0.1
              0
              0
              0
            0.1
            0.1
              0
            0.1
              0
              0
