 
0 3566.91 0 1508.95 104.963 1207 0 200 0 374394
1 3566.91 0 1508.95 143.616 1207 160.005 200 0 512265
2 3566.91 0 1508.95 146.924 1207 218.927 200 0 524065
3 3566.91 0 1508.95 139.954 1207 223.97 200 0 499205
4 4955.85 0.389398 1508.95 75.1517 1207 213.345 370 167386 372441
5 6143.9 0.239726 1508.95 74.1746 1207 118.245 240 159021 455721
6 6897.98 0.122736 1508.95 70.9712 1207 125.02 190 191074 489558
7 7474.52 0.0835811 1508.95 64.0409 1207 128.311 180 201984 478675
8 8030.87 0.0744319 1508.95 58.5866 1207 123.755 170 197630 470501
9 8617.19 0.073009 1508.95 55.7949 1207 120.622 150 196031 480795
10 9170.86 0.0642519 1508.95 52.106 1207 122.246 140 198964 477857
11 9762.56 0.0645193 1508.95 49.022 1207 121.13 130 198836 478580
12 10361.7 0.0613713 1508.95 46.6176 1207 120.644 120 199324 483038
13 10978 0.059482 1508.95 44.5328 1207 121.248 110 201668 488882
14 11611.4 0.0576934 1508.95 42.7253 1207 122.155 100 204673 496100
15 12251.3 0.0551084 1508.95 41.3965 1207 123.402 90 207901 507160
16 12917.8 0.0544054 1508.95 40.4975 1207 125.733 80 213440 523139
17 13611.1 0.0536704 1508.95 39.8558 1207 129.179 70 221359 542482
18 14320.9 0.0521498 1508.95 39.692 1207 133.405 60 230606 568427
19 15108.6 0.0550016 1508.95 40.0064 1207 139.277 50 245138 604442
20 16190.3 0.0715954 1508.95 40.9369 1207 147.068 40 273884 662781
21 17437.8 0.0770496 1508.95 42.8901 1207 157.582 30 313822 747907
22 18964.1 0.0875321 1508.95 46.5233 1207 172.814 20 375117 882274
23 20883.1 0.101189 1508.95 52.823 1207 196.185 10 474352 1.10311e+06
24 23409.5 0.120979 1508.95 63.9113 1207 233.189 0 645814 1.49613e+06
25 23902.4 0.021057 1508.95 70.5325 1207 295.497 0 781379 1.6859e+06
26 24391.9 0.0204784 1508.95 76.5148 1207 340.75 0 862330 1.86634e+06
27 24878 0.019927 1508.95 82.4627 1207 385.421 0 935470 2.05151e+06
28 25360.6 0.0194009 1508.95 88.2135 1207 432.259 0 1.00819e+06 2.23715e+06
29 25839.9 0.0188984 1508.95 93.5909 1207 480.331 0 1.0785e+06 2.41838e+06
30 26315.8 0.0184181 1508.95 98.4903 1207 528.499 0 1.14424e+06 2.59186e+06
31 26788.4 0.0179584 1508.95 102.849 1207 575.902 0 1.20414e+06 2.75518e+06
32 27339.8 0.0205812 1508.95 105.57 1225 584.541 0 1.25744e+06 2.88626e+06
33 27898.4 0.0204323 1508.95 106.868 1227 593.309 0 1.29809e+06 2.98143e+06
34 28610 0.0255079 1508.95 107.814 1267 602.209 0 1.31618e+06 3.08455e+06
35 29424.5 0.0284694 1508.95 108.049 1299 611.242 0 1.34724e+06 3.17929e+06
36 30039.6 0.0209043 1508.95 108.4 1300 620.41 0 1.36423e+06 3.25628e+06
37 30743.6 0.0234347 1508.95 109.174 1339 629.716 0 1.36865e+06 3.35641e+06
38 31401.7 0.021405 1508.95 109.414 1339 639.162 0 1.39809e+06 3.43578e+06
39 31876.4 0.0151176 1508.95 110.309 1339 648.75 0 1.40116e+06 3.51625e+06
40 32347.8 0.0147883 1508.95 111.293 1339 658.481 0 1.41262e+06 3.60009e+06
41 32815.9 0.0144707 1508.95 112.211 1339 668.358 0 1.42522e+06 3.68229e+06
42 33643.9 0.0252324 1508.95 112.424 1396 678.383 0 1.43697e+06 3.78239e+06
43 34363.8 0.0213967 1508.95 112.171 1398 688.559 0 1.46556e+06 3.85463e+06
44 34844 0.0139742 1508.95 112.761 1398 698.888 0 1.46339e+06 3.92904e+06
45 35310.9 0.0134001 1508.95 113.502 1398 709.371 0 1.47108e+06 4.00785e+06
46 35774.5 0.0131304 1508.95 114.189 1398 720.011 0 1.48075e+06 4.08507e+06
47 36234.9 0.0128695 1508.95 114.809 1398 730.812 0 1.48971e+06 4.16008e+06
48 36692.1 0.012617 1508.95 115.368 1398 741.774 0 1.49779e+06 4.23308e+06
49 37186.8 0.0134812 1508.95 115.784 1402 752.9 0 1.50509e+06 4.30565e+06
50 37689.2 0.0135107 1508.95 116.112 1405 764.194 0 1.51284e+06 4.37618e+06
51 38158.7 0.0124577 1508.95 116.428 1405 775.657 0 1.51945e+06 4.44273e+06
52 38605.1 0.0116978 1508.95 116.787 1405 787.292 0 1.52357e+06 4.50855e+06
53 39053.6 0.0116174 1508.95 117.091 1407 799.101 0 1.52827e+06 4.57283e+06
54 39694.5 0.0164118 1508.95 117.057 1437 811.088 0 1.53226e+06 4.64651e+06
55 40256.6 0.0141619 1508.95 116.88 1437 823.254 0 1.54585e+06 4.7052e+06
56 40695.7 0.0109064 1508.95 117.09 1437 835.603 0 1.54352e+06 4.76507e+06
57 41131.7 0.0107132 1508.95 117.321 1437 848.137 0 1.54629e+06 4.82562e+06
58 41564.6 0.0105255 1508.95 117.515 1437 860.859 0 1.54935e+06 4.88446e+06
59 41994.5 0.0103429 1508.95 117.673 1437 873.772 0 1.5519e+06 4.94161e+06
60 42421.4 0.0101654 1508.95 117.799 1437 886.878 0 1.55399e+06 4.9972e+06
61 42845.3 0.00999266 1508.95 117.896 1437 900.181 0 1.55565e+06 5.05131e+06
62 43266.2 0.00982454 1508.95 117.967 1437 913.684 0 1.55694e+06 5.10398e+06
63 43684.2 0.00966085 1508.95 118.012 1437 927.389 0 1.55787e+06 5.15526e+06
64 44099.3 0.00950143 1508.95 118.034 1437 941.3 0 1.55847e+06 5.2052e+06
65 44511.5 0.00934612 1508.95 118.033 1437 955.42 0 1.55875e+06 5.25384e+06
66 44920.7 0.00919476 1508.95 118.013 1437 969.751 0 1.55875e+06 5.30121e+06
67 45327.1 0.00904721 1508.95 117.973 1437 984.297 0 1.55847e+06 5.34737e+06
68 45730.7 0.00890333 1508.95 117.916 1437 999.062 0 1.55795e+06 5.39236e+06
69 46131.4 0.00876299 1508.95 117.842 1437 1014.05 0 1.55719e+06 5.43621e+06
70 46529.4 0.00862606 1508.95 117.753 1437 1029.26 0 1.55622e+06 5.47898e+06
71 46925.2 0.00850628 1508.95 117.616 1437 1044.7 0 1.55505e+06 5.51916e+06
72 47309.2 0.008184 1508.95 117.556 1437 1060.37 0 1.55206e+06 5.5615e+06
73 47708.9 0.00844792 1508.95 117.404 1437 1076.27 0 1.55245e+06 5.60122e+06
74 48095.8 0.00811037 1508.95 117.264 1437 1092.42 0 1.55044e+06 5.6399e+06
75 48480 0.00798881 1508.95 117.117 1437 1108.8 0 1.54859e+06 5.67785e+06
76 48861.6 0.00787001 1508.95 116.962 1437 1125.44 0 1.54665e+06 5.71497e+06
77 49240.4 0.0077539 1508.95 116.8 1437 1142.32 0 1.54461e+06 5.75129e+06
78 49616.6 0.00764038 1508.95 116.631 1437 1159.45 0 1.54246e+06 5.78685e+06
79 49989.7 0.00751894 1508.95 116.429 1437 1176.84 0 1.54023e+06 5.82024e+06
80 50351 0.007227 1508.95 116.273 1437 1194.5 0 1.53639e+06 5.85448e+06
81 50706.1 0.007053 1508.95 116.102 1436 1212.41 0 1.53434e+06 5.88708e+06
82 50995.9 0.0057142 1508.95 116.051 1430 1230.6 0 1.53092e+06 5.91813e+06
83 51313.9 0.00623735 1508.95 115.971 1428 1249.06 0 1.52793e+06 5.95093e+06
84 51644 0.00643158 1508.95 115.838 1426 1267.79 0 1.52571e+06 5.98232e+06
85 51980.5 0.00651665 1508.95 115.701 1425 1286.81 0 1.5228e+06 6.01419e+06
86 52324.3 0.0066146 1508.95 115.545 1424 1306.11 0 1.521e+06 6.04584e+06
87 52664.6 0.00650224 1508.95 115.417 1423 1325.71 0 1.51896e+06 6.07836e+06
88 52982.4 0.00603455 1508.95 115.234 1419 1345.59 0 1.51842e+06 6.10539e+06
89 53120 0.00259773 1508.95 115.423 1404 1365.78 0 1.51257e+06 6.13128e+06
90 53269.7 0.00281781 1508.95 115.698 1393 1386.26 0 1.50812e+06 6.16318e+06
91 53576.1 0.005753 1508.95 115.484 1393 1407.06 0 1.50823e+06 6.18716e+06
92 53829.7 0.00473221 1508.95 115.352 1388 1428.16 0 1.50429e+06 6.20936e+06
93 54110.6 0.00521852 1508.95 115.25 1386 1449.58 0 1.49911e+06 6.23624e+06
94 54402.3 0.00539124 1508.95 115.116 1383 1471.33 0 1.49779e+06 6.2626e+06
95 54659.3 0.00472338 1508.95 114.994 1377 1493.4 0 1.49605e+06 6.28549e+06
96 54917.4 0.00472177 1508.95 114.902 1374 1515.8 0 1.49101e+06 6.31009e+06
97 55129.1 0.0038562 1508.95 114.893 1367 1538.54 0 1.48867e+06 6.33398e+06
98 55388.8 0.00470979 1508.95 114.814 1365 1561.61 0 1.48511e+06 6.35942e+06
99 55605.8 0.00391793 1508.95 114.773 1356 1585.04 0 1.48294e+06 6.38207e+06
100 55880.1 0.00493233 1508.95 114.661 1356 1608.81 0 1.47782e+06 6.40725e+06
101 56069.3 0.00338575 1508.95 114.623 1347 1632.95 0 1.47752e+06 6.4268e+06
102 56273.9 0.00365071 1508.95 114.699 1344 1657.44 0 1.4713e+06 6.45454e+06
103 56517.1 0.00432152 1508.95 114.581 1339 1682.3 0 1.47227e+06 6.47577e+06
104 56607.3 0.00159498 1508.95 114.777 1323 1707.54 0 1.46732e+06 6.49719e+06
105 56751.3 0.00254445 1508.95 114.91 1318 1733.15 0 1.46294e+06 6.5213e+06
106 56989.5 0.00419637 1508.95 114.852 1316 1759.15 0 1.4612e+06 6.54536e+06
107 57214.8 0.00395427 1508.95 114.773 1311 1785.53 0 1.46161e+06 6.56669e+06
108 57208.6 -0.000108428 1508.95 115.052 1295 1812.32 0 1.4583e+06 6.58196e+06
109 57364 0.00271623 1508.95 115.208 1293 1839.5 0 1.45034e+06 6.60881e+06
110 57625.8 0.00456424 1508.95 115.056 1292 1867.09 0 1.45231e+06 6.63021e+06
111 57817.5 0.00332589 1508.95 115.049 1287 1895.1 0 1.44925e+06 6.65183e+06
112 57973.5 0.00269828 1508.95 115.067 1279 1923.53 0 1.448e+06 6.67084e+06
113 58138.8 0.00285069 1508.95 115.042 1274 1952.38 0 1.44478e+06 6.68838e+06
114 58330.6 0.00329987 1508.95 114.98 1270 1981.67 0 1.44216e+06 6.70688e+06
115 58401.8 0.00121976 1508.95 115.14 1260 2011.39 0 1.43795e+06 6.72439e+06
116 58582.6 0.00309713 1508.95 115.124 1258 2041.56 0 1.43419e+06 6.74425e+06
117 58817.4 0.00400801 1508.95 115.006 1257 2072.18 0 1.43283e+06 6.76436e+06
118 58972.1 0.00262996 1508.95 115.016 1250 2103.27 0 1.43136e+06 6.78275e+06
119 59199.5 0.00385613 1508.95 114.914 1250 2134.82 0 1.42804e+06 6.80284e+06
120 59423 0.00377551 1508.95 114.803 1248 2158.85 0 1.42677e+06 6.82192e+06
121 59665.8 0.00408516 1627.8 123.889 1248 2168.51 0 1.42424e+06 7.39192e+06
122 60010.2 0.00577157 1627.8 124.264 1254 2201.04 0 1.53696e+06 7.45711e+06
123 60300.4 0.0048366 1627.8 123.913 1254 2234.05 0 1.54659e+06 7.47199e+06
124 60549.4 0.00412972 1627.8 123.657 1254 2267.56 0 1.54222e+06 7.48739e+06
125 60796.2 0.00407529 1627.8 123.425 1254 2301.58 0 1.53904e+06 7.50375e+06
126 61041.8 0.00404039 1627.8 123.182 1254 2336.1 0 1.53614e+06 7.51926e+06
127 61200.5 0.00259913 1627.8 123.114 1249 2371.14 0 1.53189e+06 7.53466e+06
128 61392.4 0.00313632 1627.8 123.062 1248 2404.35 0 1.52736e+06 7.5551e+06
129 61631.3 0.00389159 1627.8 122.879 1248 2415.2 0 1.52671e+06 7.57318e+06
130 61868.6 0.00384937 1627.8 122.681 1248 2423.36 0 1.52443e+06 7.59009e+06
131 62104.2 0.00380777 1627.8 122.479 1248 2431.13 0 1.52198e+06 7.60648e+06
132 62338.1 0.00376677 1627.8 122.274 1248 2438.7 0 1.51948e+06 7.62231e+06
133 62570.4 0.00372637 1627.8 122.063 1248 2446.07 0 1.51693e+06 7.63756e+06
134 62801.1 0.00368654 1627.8 121.848 1248 2453.23 0 1.51432e+06 7.6522e+06
135 63030.1 0.00364729 1627.8 121.628 1248 2460.17 0 1.51165e+06 7.66623e+06
136 63257.6 0.0036086 1627.8 121.403 1248 2466.89 0 1.50892e+06 7.67965e+06
137 63483.4 0.00357045 1627.8 121.173 1248 2473.39 0 1.50613e+06 7.69248e+06
138 63707.7 0.00353285 1627.8 120.938 1248 2479.68 0 1.50327e+06 7.7047e+06
139 63930.4 0.00349577 1627.8 120.699 1248 2485.75 0 1.50036e+06 7.71633e+06
140 64151.5 0.0034592 1627.8 120.455 1248 2491.6 0 1.49739e+06 7.72737e+06
141 64371.1 0.00342315 1725.84 128.048 1248 2497.24 0 1.49436e+06 8.24261e+06
142 64649.1 0.00431811 1725.84 128.426 1252 2534.7 0 1.58857e+06 8.3026e+06
143 64886.2 0.00366694 1725.84 128.146 1252 2572.72 0 1.59582e+06 8.31489e+06
144 65101.7 0.00332189 1725.84 127.858 1252 2611.31 0 1.59234e+06 8.32377e+06
145 65316.6 0.00330124 1725.84 127.578 1252 2650.48 0 1.58876e+06 8.33298e+06
146 65529.1 0.00325339 1725.84 127.291 1252 2683.49 0 1.58529e+06 8.34126e+06
147 65709.7 0.00275567 1725.84 127.088 1251 2688.24 0 1.58044e+06 8.35091e+06
148 65919.1 0.00318611 1725.84 126.831 1251 2694.66 0 1.57792e+06 8.36055e+06
149 66127 0.00315376 1725.84 126.556 1251 2699.8 0 1.57473e+06 8.36874e+06
150 66333.4 0.00312183 1725.84 126.271 1251 2704.46 0 1.57131e+06 8.37602e+06
151 66538.4 0.00309033 1725.84 125.981 1251 2708.79 0 1.56779e+06 8.38257e+06
152 66742 0.00305925 1725.84 125.685 1251 2712.87 0 1.56418e+06 8.38847e+06
153 66944.1 0.00302857 1725.84 125.385 1251 2716.72 0 1.56051e+06 8.39375e+06
154 67144.8 0.00299829 1725.84 125.08 1251 2720.35 0 1.55677e+06 8.39844e+06
155 67344.1 0.0029684 1725.84 124.77 1251 2723.75 0 1.55299e+06 8.40255e+06
156 67542 0.0029389 1725.84 124.457 1251 2726.95 0 1.54915e+06 8.40608e+06
157 67738.6 0.00290977 1725.84 124.14 1251 2729.94 0 1.54526e+06 8.40905e+06
158 67933.7 0.00288102 1725.84 123.819 1251 2732.72 0 1.54132e+06 8.41146e+06
159 68127.5 0.00285263 1725.84 123.494 1251 2735.3 0 1.53733e+06 8.41331e+06
160 68319.9 0.00282461 1725.84 123.165 1251 2737.68 0 1.5333e+06 8.41463e+06
161 68511 0.00279694 1484.23 106.204 1251 2739.86 0 1.52922e+06 7.27612e+06
162 67519.8 -0.0144678 1484.23 107.129 1192 2698.76 0 1.31862e+06 7.23333e+06
163 67505 -0.000218862 1484.23 107.535 1194 2658.28 0 1.30119e+06 7.25915e+06
164 67771.5 0.0039475 1484.23 107.313 1197 2618.41 0 1.30827e+06 7.27278e+06
165 67970.8 0.00293992 1484.23 107.033 1197 2579.13 0 1.30772e+06 7.27509e+06
166 68177.1 0.00303605 1484.23 106.729 1198 2540.44 0 1.3043e+06 7.27647e+06
167 68392.4 0.00315809 1484.23 106.393 1199 2502.34 0 1.30167e+06 7.27651e+06
168 68578.4 0.00271901 1484.23 106.07 1199 2479.72 0 1.29864e+06 7.27409e+06
169 68753.1 0.00254786 1484.23 105.762 1199 2480 0 1.29469e+06 7.2715e+06
170 68926.6 0.0025236 1484.23 105.453 1199 2480.56 0 1.29094e+06 7.26853e+06
171 69098.9 0.00249962 1484.23 105.142 1199 2480.97 0 1.28716e+06 7.26517e+06
172 69270 0.00247594 1484.23 104.828 1199 2481.23 0 1.28336e+06 7.26145e+06
173 69439.9 0.00245253 1484.23 104.517 1199 2481.35 0 1.27953e+06 7.25763e+06
174 69608.6 0.00242941 1484.23 104.209 1199 2481.41 0 1.27573e+06 7.25385e+06
175 69776.1 0.00240656 1484.23 103.906 1199 2481.48 0 1.27198e+06 7.25013e+06
176 69942.5 0.00238397 1484.23 103.606 1199 2481.54 0 1.26827e+06 7.24646e+06
177 70107.6 0.00236166 1484.23 103.31 1199 2481.61 0 1.26462e+06 7.24284e+06
178 70271.7 0.0023396 1484.23 103.018 1199 2481.67 0 1.261e+06 7.23926e+06
179 70434.5 0.0023178 1484.23 102.73 1199 2481.73 0 1.25744e+06 7.23573e+06
180 70596.3 0.00229625 1484.23 102.445 1199 2481.8 0 1.25392e+06 7.23224e+06
181 70756.9 0.00227495 1484.23 102.164 1199 2481.86 0 1.25044e+06 7.22879e+06
182 70916.3 0.0022539 1484.23 101.886 1199 2481.92 0 1.24701e+06 7.22539e+06
183 71074.7 0.00223309 1484.23 101.612 1199 2481.98 0 1.24362e+06 7.22203e+06
184 71232 0.00221252 1484.23 101.341 1199 2482.04 0 1.24027e+06 7.21871e+06
185 71388.1 0.00219218 1484.23 101.073 1199 2482.1 0 1.23697e+06 7.21544e+06
186 71543.2 0.00217207 1484.23 100.809 1199 2482.16 0 1.2337e+06 7.2122e+06
187 71697.2 0.00215219 1484.23 100.548 1199 2482.22 0 1.23047e+06 7.209e+06
188 71850.1 0.00213254 1484.23 100.29 1199 2482.28 0 1.22729e+06 7.20584e+06
189 72001.9 0.00211311 1484.23 100.035 1199 2482.33 0 1.22414e+06 7.20272e+06
190 72152.6 0.00209389 1484.23 99.7834 1199 2482.39 0 1.22103e+06 7.19963e+06
191 72302.4 0.00207489 1484.23 99.5346 1199 2482.44 0 1.21796e+06 7.19659e+06
192 72451 0.0020561 1484.23 99.2888 1199 2482.5 0 1.21492e+06 7.19358e+06
193 72598.6 0.00203752 1484.23 99.046 1199 2482.55 0 1.21192e+06 7.1906e+06
194 72745.2 0.00201914 1484.23 98.806 1199 2482.61 0 1.20895e+06 7.18766e+06
195 72890.8 0.00200096 1484.23 98.5688 1199 2482.66 0 1.20603e+06 7.18476e+06
196 73035.3 0.00198299 1484.23 98.3344 1199 2482.71 0 1.20313e+06 7.18188e+06
197 73178.9 0.00196521 1484.23 98.1028 1199 2482.76 0 1.20027e+06 7.17905e+06
198 73321.4 0.00194763 1484.23 97.8738 1199 2482.81 0 1.19744e+06 7.17624e+06
199 73462.9 0.00193023 1484.23 97.6475 1199 2482.86 0 1.19465e+06 7.17347e+06
200 73603.4 0.00191303 1484.23 97.4238 1199 2482.91 0 1.19189e+06 7.17073e+06
201 73743 0.00189601 1484.23 97.2028 1199 2482.96 0 1.18916e+06 7.16802e+06
202 73881.6 0.00187918 1484.23 96.9842 1199 2483.01 0 1.18646e+06 7.16534e+06
203 74019.2 0.00186252 1484.23 96.7681 1199 2483.06 0 1.18379e+06 7.1627e+06
204 74155.8 0.00184605 1484.23 96.5546 1199 2483.1 0 1.18115e+06 7.16008e+06
205 74291.5 0.00182975 1484.23 96.3434 1199 2483.15 0 1.17854e+06 7.15749e+06
206 74426.2 0.00181362 1484.23 96.1346 1199 2483.2 0 1.17597e+06 7.15494e+06
207 74560 0.00179766 1484.23 95.9282 1199 2483.24 0 1.17342e+06 7.15241e+06
208 74692.9 0.00178188 1484.23 95.7241 1199 2483.29 0 1.1709e+06 7.14991e+06
209 74824.8 0.00176626 1484.23 95.5223 1199 2483.33 0 1.16841e+06 7.14744e+06
210 74955.8 0.0017508 1484.23 95.3227 1199 2483.38 0 1.16594e+06 7.14499e+06
211 75085.9 0.00173551 1484.23 95.1254 1199 2483.42 0 1.16351e+06 7.14257e+06
212 75215.1 0.00172037 1484.23 94.9302 1199 2483.46 0 1.1611e+06 7.14018e+06
213 75343.4 0.0017054 1484.23 94.7372 1199 2483.51 0 1.15872e+06 7.13782e+06
214 75470.7 0.00169058 1484.23 94.5463 1199 2483.55 0 1.15636e+06 7.13548e+06
215 75597.2 0.00167591 1484.23 94.3576 1199 2483.59 0 1.15403e+06 7.13317e+06
216 75722.8 0.00166139 1484.23 94.1709 1199 2483.63 0 1.15173e+06 7.13088e+06
217 75847.5 0.00164703 1484.23 93.9862 1199 2483.67 0 1.14945e+06 7.12862e+06
218 75971.4 0.00163281 1484.23 93.8035 1199 2483.71 0 1.1472e+06 7.12638e+06
219 76094.3 0.00161874 1484.23 93.6228 1199 2483.75 0 1.14497e+06 7.12417e+06
220 76216.5 0.00160481 1484.23 93.4441 1199 2483.79 0 1.14276e+06 7.12198e+06
221 76337.7 0.00159102 1484.23 93.2673 1199 2483.83 0 1.14058e+06 7.11981e+06
222 76458.1 0.00157737 1484.23 93.0924 1199 2483.87 0 1.13842e+06 7.11767e+06
223 76577.7 0.00156386 1484.23 92.9194 1199 2483.91 0 1.13629e+06 7.11555e+06
224 76696.4 0.00155049 1484.23 92.7482 1199 2483.95 0 1.13417e+06 7.11345e+06
225 76814.3 0.00153726 1484.23 92.5788 1199 2483.99 0 1.13208e+06 7.11138e+06
226 76931.4 0.00152415 1484.23 92.4112 1199 2484.02 0 1.13002e+06 7.10933e+06
227 77047.7 0.00151118 1484.23 92.2454 1199 2484.06 0 1.12797e+06 7.1073e+06
228 77163.1 0.00149834 1484.23 92.0814 1199 2484.1 0 1.12595e+06 7.10529e+06
229 77277.8 0.00148562 1484.23 91.919 1199 2484.13 0 1.12395e+06 7.1033e+06
230 77391.6 0.00147303 1484.23 91.7584 1199 2484.17 0 1.12196e+06 7.10133e+06
231 77504.6 0.00146057 1484.23 91.5995 1199 2484.2 0 1.12e+06 7.09938e+06
232 77616.9 0.00144823 1484.23 91.4422 1199 2484.24 0 1.11806e+06 7.09746e+06
233 77728.3 0.00143602 1484.23 91.2865 1199 2484.27 0 1.11614e+06 7.09555e+06
234 77839 0.00142392 1484.23 91.1325 1199 2484.31 0 1.11424e+06 7.09366e+06
235 77948.9 0.00141194 1484.23 90.98 1199 2484.34 0 1.11236e+06 7.09179e+06
236 78058 0.00140008 1484.23 90.8292 1199 2484.37 0 1.1105e+06 7.08995e+06
237 78166.4 0.00138834 1484.23 90.6798 1199 2484.41 0 1.10866e+06 7.08812e+06
238 78274 0.00137671 1484.23 90.532 1199 2484.44 0 1.10684e+06 7.08631e+06
239 78380.9 0.00136519 1484.23 90.3857 1199 2484.47 0 1.10503e+06 7.08451e+06
240 78487 0.00135379 1484.23 90.2409 1199 2484.5 0 1.10325e+06 7.08274e+06
241 78592.4 0.00134249 1484.23 90.0976 1199 2484.53 0 1.10148e+06 7.08099e+06
242 78697 0.00133131 1484.23 89.9557 1199 2484.57 0 1.09973e+06 7.07925e+06
243 78800.9 0.00132023 1484.23 89.8153 1199 2484.6 0 1.098e+06 7.07753e+06
244 78904.1 0.00130926 1484.23 89.6763 1199 2484.63 0 1.09629e+06 7.07582e+06
245 79006.5 0.00129839 1484.23 89.5387 1199 2484.66 0 1.09459e+06 7.07414e+06
246 79108.2 0.00128763 1484.23 89.4024 1199 2484.69 0 1.09291e+06 7.07247e+06
247 79209.3 0.00127698 1484.23 89.2675 1199 2484.72 0 1.09125e+06 7.07082e+06
248 79309.6 0.00126642 1484.23 89.134 1199 2484.75 0 1.0896e+06 7.06918e+06
249 79409.2 0.00125597 1484.23 89.0018 1199 2484.78 0 1.08797e+06 7.06756e+06
250 79508.1 0.00124561 1484.23 88.8709 1199 2484.81 0 1.08636e+06 7.06596e+06
251 79606.3 0.00123535 1484.23 88.7413 1199 2484.83 0 1.08476e+06 7.06437e+06
252 79703.9 0.00122519 1484.23 88.613 1199 2484.86 0 1.08318e+06 7.0628e+06
253 79800.7 0.00121512 1484.23 88.486 1199 2484.89 0 1.08161e+06 7.06124e+06
254 79896.9 0.00120515 1484.23 88.3602 1199 2484.92 0 1.08006e+06 7.0597e+06
255 79992.4 0.00119528 1484.23 88.2356 1199 2484.95 0 1.07852e+06 7.05818e+06
256 80087.2 0.00118549 1484.23 88.1123 1199 2484.97 0 1.077e+06 7.05666e+06
257 80181.4 0.0011758 1484.23 87.9901 1199 2485 0 1.0755e+06 7.05517e+06
258 80274.9 0.0011662 1484.23 87.8692 1199 2485.03 0 1.07401e+06 7.05369e+06
259 80367.7 0.00115669 1484.23 87.7494 1199 2485.05 0 1.07253e+06 7.05222e+06
260 80459.9 0.00114726 1484.23 87.6308 1199 2485.08 0 1.07107e+06 7.05077e+06
261 80551.5 0.00113793 1484.23 87.5133 1199 2485.11 0 1.06962e+06 7.04933e+06
262 80642.4 0.00112868 1484.23 87.397 1199 2485.13 0 1.06819e+06 7.0479e+06
263 80732.7 0.00111951 1484.23 87.2817 1199 2485.16 0 1.06677e+06 7.04649e+06
264 80822.3 0.00111043 1484.23 87.1676 1199 2485.18 0 1.06536e+06 7.04509e+06
265 80911.4 0.00110144 1484.23 87.0546 1199 2485.21 0 1.06397e+06 7.04371e+06
266 80999.8 0.00109252 1484.23 86.9427 1199 2485.23 0 1.06259e+06 7.04234e+06
267 81087.5 0.00108369 1484.23 86.8318 1199 2485.26 0 1.06122e+06 7.04098e+06
268 81174.7 0.00107494 1484.23 86.722 1199 2485.28 0 1.05987e+06 7.03963e+06
269 81261.3 0.00106627 1484.23 86.6132 1199 2485.3 0 1.05853e+06 7.0383e+06
270 81347.2 0.00105768 1484.23 86.5055 1199 2485.33 0 1.0572e+06 7.03698e+06
271 81432.6 0.00104917 1484.23 86.3988 1199 2485.35 0 1.05589e+06 7.03567e+06
272 81517.3 0.00104073 1484.23 86.2931 1199 2485.38 0 1.05458e+06 7.03438e+06
273 81601.5 0.00103237 1484.23 86.1884 1199 2485.4 0 1.05329e+06 7.0331e+06
274 81685 0.00102409 1484.23 86.0846 1199 2485.42 0 1.05202e+06 7.03183e+06
275 81768 0.00101588 1484.23 85.9819 1199 2485.44 0 1.05075e+06 7.03057e+06
276 81850.4 0.00100774 1484.23 85.8801 1199 2485.47 0 1.04949e+06 7.02932e+06
277 81932.2 0.000999681 1484.23 85.7792 1199 2485.49 0 1.04825e+06 7.02808e+06
278 82013.5 0.000991692 1484.23 85.6793 1199 2485.51 0 1.04702e+06 7.02686e+06
279 82094.2 0.000983774 1484.23 85.5804 1199 2485.53 0 1.0458e+06 7.02565e+06
280 82174.3 0.000975928 1484.23 85.4823 1199 2485.55 0 1.04459e+06 7.02445e+06
281 82253.8 0.000968151 1484.23 85.3851 1199 2485.58 0 1.0434e+06 7.02326e+06
282 82332.8 0.000960444 1484.23 85.2889 1199 2485.6 0 1.04221e+06 7.02208e+06
283 82411.3 0.000952806 1484.23 85.1935 1199 2485.62 0 1.04104e+06 7.02091e+06
284 82489.2 0.000945236 1484.23 85.099 1199 2485.64 0 1.03987e+06 7.01975e+06
285 82566.5 0.000937733 1484.23 85.0054 1199 2485.66 0 1.03872e+06 7.0186e+06
286 82643.3 0.000930296 1484.23 84.9127 1199 2485.68 0 1.03758e+06 7.01747e+06
287 82719.6 0.000922926 1484.23 84.8208 1199 2485.7 0 1.03644e+06 7.01634e+06
288 82795.4 0.00091562 1484.23 84.7297 1199 2485.72 0 1.03532e+06 7.01523e+06
289 82870.6 0.000908379 1484.23 84.6395 1199 2485.74 0 1.03421e+06 7.01412e+06
290 82945.3 0.000901202 1484.23 84.5501 1199 2485.76 0 1.03311e+06 7.01303e+06
291 83019.4 0.000894088 1484.23 84.4615 1199 2485.78 0 1.03202e+06 7.01194e+06
292 83093.1 0.000887036 1484.23 84.3737 1199 2485.8 0 1.03094e+06 7.01086e+06
293 83166.2 0.000880046 1484.23 84.2866 1199 2485.82 0 1.02986e+06 7.0098e+06
294 83238.8 0.000873117 1484.23 84.2004 1199 2485.84 0 1.0288e+06 7.00874e+06
295 83310.9 0.000866249 1484.23 84.115 1199 2485.86 0 1.02775e+06 7.0077e+06
296 83382.5 0.000859441 1484.23 84.0303 1199 2485.88 0 1.02671e+06 7.00666e+06
297 83453.6 0.000852692 1484.23 83.9464 1199 2485.89 0 1.02567e+06 7.00563e+06
298 83524.2 0.000846002 1484.23 83.8633 1199 2485.91 0 1.02465e+06 7.00461e+06
299 83594.3 0.00083937 1484.23 83.7808 1199 2485.93 0 1.02363e+06 7.0036e+06
300 83663.9 0.000832795 1484.23 83.6992 1199 2485.95 0 1.02263e+06 7.0026e+06
301 83733.1 0.000826277 1484.23 83.6182 1199 2485.97 0 1.02163e+06 7.00161e+06
302 83801.7 0.000819816 1484.23 83.538 1199 2485.98 0 1.02064e+06 7.00063e+06
303 83869.9 0.000813411 1484.23 83.4585 1199 2486 0 1.01966e+06 6.99965e+06
304 83937.6 0.00080706 1484.23 83.3797 1199 2486.02 0 1.01869e+06 6.99869e+06
305 84004.8 0.000800764 1484.23 83.3016 1199 2486.04 0 1.01773e+06 6.99773e+06
306 84071.5 0.000794523 1484.23 83.2242 1199 2486.05 0 1.01678e+06 6.99678e+06
307 84137.8 0.000788335 1484.23 83.1474 1199 2486.07 0 1.01583e+06 6.99584e+06
308 84203.6 0.0007822 1484.23 83.0714 1199 2486.09 0 1.0149e+06 6.99491e+06
309 84269 0.000776117 1484.23 82.996 1199 2486.1 0 1.01397e+06 6.99399e+06
310 84333.9 0.000770087 1484.23 82.9213 1199 2486.12 0 1.01305e+06 6.99307e+06
311 84398.3 0.000764108 1484.23 82.8472 1199 2486.14 0 1.01214e+06 6.99216e+06
312 84462.3 0.00075818 1484.23 82.7738 1199 2486.15 0 1.01123e+06 6.99127e+06
313 84525.8 0.000752302 1484.23 82.701 1199 2486.17 0 1.01034e+06 6.99037e+06
314 84588.9 0.000746474 1484.23 82.6289 1199 2486.18 0 1.00945e+06 6.98949e+06
315 84651.6 0.000740696 1484.23 82.5574 1199 2486.2 0 1.00857e+06 6.98861e+06
316 84713.8 0.000734967 1484.23 82.4865 1199 2486.22 0 1.0077e+06 6.98775e+06
317 84775.6 0.000729286 1484.23 82.4163 1199 2486.23 0 1.00683e+06 6.98688e+06
318 84836.9 0.000723653 1484.23 82.3466 1199 2486.25 0 1.00597e+06 6.98603e+06
319 84897.8 0.000718068 1484.23 82.2775 1199 2486.26 0 1.00512e+06 6.98519e+06
320 84958.3 0.00071253 1484.23 82.2091 1199 2486.28 0 1.00428e+06 6.98435e+06
321 85018.4 0.000707039 1484.23 82.1412 1199 2486.29 0 1.00344e+06 6.98352e+06
322 85078 0.000701593 1484.23 82.074 1199 2486.31 0 1.00262e+06 6.98269e+06
323 85137.3 0.000696194 1484.23 82.0073 1199 2486.32 0 1.00179e+06 6.98187e+06
324 85196.1 0.000690839 1484.23 81.9411 1199 2486.34 0 1.00098e+06 6.98106e+06
325 85254.5 0.00068553 1484.23 81.8756 1199 2486.35 0 1.00017e+06 6.98026e+06
326 85312.5 0.000680265 1484.23 81.8106 1199 2486.37 0 999373 6.97946e+06
327 85370.1 0.000675044 1484.23 81.7461 1199 2486.38 0 998580 6.97868e+06
328 85427.3 0.000669866 1484.23 81.6823 1199 2486.39 0 997793 6.97789e+06
329 85484.1 0.000664732 1484.23 81.6189 1199 2486.41 0 997014 6.97712e+06
330 85540.4 0.00065964 1484.23 81.5561 1199 2486.42 0 996241 6.97635e+06
331 85596.4 0.000654591 1484.23 81.4939 1199 2486.43 0 995474 6.97558e+06
332 85652 0.000649584 1484.23 81.4321 1199 2486.45 0 994714 6.97483e+06
333 85707.3 0.000644618 1484.23 81.3709 1199 2486.46 0 993961 6.97408e+06
334 85762.1 0.000639693 1484.23 81.3102 1199 2486.48 0 993214 6.97333e+06
335 85816.5 0.000634809 1484.23 81.2501 1199 2486.49 0 992473 6.9726e+06
336 85870.6 0.000629966 1484.23 81.1904 1199 2486.5 0 991738 6.97187e+06
337 85924.3 0.000625162 1484.23 81.1312 1199 2486.51 0 991010 6.97114e+06
338 85977.6 0.000620398 1484.23 81.0726 1199 2486.53 0 990288 6.97042e+06
339 86030.5 0.000615673 1484.23 81.0144 1199 2486.54 0 989572 6.96971e+06
340 86083.1 0.000610988 1484.23 80.9567 1199 2486.55 0 988862 6.969e+06
341 86135.3 0.00060634 1484.23 80.8995 1199 2486.57 0 988158 6.9683e+06
342 86187.1 0.000601731 1484.23 80.8428 1199 2486.58 0 987460 6.96761e+06
343 86238.6 0.000597159 1484.23 80.7866 1199 2486.59 0 986768 6.96692e+06
344 86289.7 0.000592625 1484.23 80.7308 1199 2486.6 0 986081 6.96624e+06
345 86340.4 0.000588129 1484.23 80.6755 1199 2486.62 0 985400 6.96556e+06
346 86390.8 0.000583668 1484.23 80.6207 1199 2486.63 0 984726 6.96489e+06
347 86440.9 0.000579245 1484.23 80.5663 1199 2486.64 0 984056 6.96422e+06
348 86490.5 0.000574857 1484.23 80.5124 1199 2486.65 0 983392 6.96356e+06
349 86539.9 0.000570505 1484.23 80.4589 1199 2486.66 0 982734 6.96291e+06
350 86588.9 0.000566188 1484.23 80.4059 1199 2486.67 0 982081 6.96226e+06
351 86637.5 0.000561907 1484.23 80.3533 1199 2486.69 0 981434 6.96161e+06
352 86685.9 0.00055766 1484.23 80.3011 1199 2486.7 0 980792 6.96097e+06
353 86733.8 0.000553448 1484.23 80.2494 1199 2486.71 0 980156 6.96034e+06
354 86781.5 0.00054927 1484.23 80.1981 1199 2486.72 0 979524 6.95971e+06
355 86828.8 0.000545126 1484.23 80.1472 1199 2486.73 0 978898 6.95909e+06
356 86875.8 0.000541015 1484.23 80.0968 1199 2486.74 0 978277 6.95847e+06
357 86922.4 0.000536937 1484.23 80.0467 1199 2486.75 0 977661 6.95786e+06
358 86968.7 0.000532892 1484.23 79.9971 1199 2486.76 0 977051 6.95725e+06
359 87014.7 0.00052888 1484.23 79.9479 1199 2486.78 0 976445 6.95664e+06
360 87060.4 0.000524901 1484.23 79.8991 1199 2486.79 0 975844 6.95605e+06
361 87105.7 0.000520953 1484.23 79.8507 1199 2486.8 0 975248 6.95545e+06
362 87150.8 0.000517037 1484.23 79.8027 1199 2486.81 0 974657 6.95487e+06
363 87195.5 0.000513152 1484.23 79.755 1199 2486.82 0 974071 6.95428e+06
364 87239.9 0.000509299 1484.23 79.7078 1199 2486.83 0 973490 6.9537e+06
365 87284 0.000505476 1484.23 79.661 1199 2486.84 0 972914 6.95313e+06
366 87327.8 0.000501684 1484.23 79.6145 1199 2486.85 0 972342 6.95256e+06
367 87371.3 0.000497923 1484.23 79.5684 1199 2486.86 0 971775 6.952e+06
368 87414.5 0.000494191 1484.23 79.5227 1199 2486.87 0 971212 6.95144e+06
369 87457.3 0.00049049 1484.23 79.4774 1199 2486.88 0 970654 6.95088e+06
370 87499.9 0.000486817 1484.23 79.4324 1199 2486.89 0 970101 6.95033e+06
371 87542.2 0.000483174 1484.23 79.3878 1199 2486.9 0 969552 6.94978e+06
372 87584.2 0.00047956 1484.23 79.3436 1199 2486.91 0 969008 6.94924e+06
373 87625.9 0.000475975 1484.23 79.2997 1199 2486.92 0 968468 6.9487e+06
374 87667.3 0.000472419 1484.23 79.2562 1199 2486.93 0 967932 6.94817e+06
375 87708.4 0.00046889 1484.23 79.213 1199 2486.94 0 967401 6.94764e+06
376 87749.2 0.00046539 1484.23 79.1702 1199 2486.95 0 966874 6.94712e+06
377 87789.7 0.000461917 1484.23 79.1277 1199 2486.96 0 966351 6.9466e+06
378 87830 0.000458472 1484.23 79.0855 1199 2486.97 0 965832 6.94608e+06
379 87869.9 0.000455054 1484.23 79.0437 1199 2486.97 0 965318 6.94557e+06
380 87909.6 0.000451663 1484.23 79.0023 1199 2486.98 0 964808 6.94506e+06
381 87949 0.000448299 1484.23 78.9611 1199 2486.99 0 964302 6.94456e+06
382 87988.2 0.000444961 1484.23 78.9203 1199 2487 0 963800 6.94406e+06
383 88027 0.00044165 1484.23 78.8799 1199 2487.01 0 963302 6.94356e+06
384 88065.6 0.000438365 1484.23 78.8397 1199 2487.02 0 962808 6.94307e+06
385 88103.9 0.000435106 1484.23 78.7999 1199 2487.03 0 962318 6.94258e+06
386 88142 0.000431872 1484.23 78.7604 1199 2487.04 0 961831 6.9421e+06
387 88179.8 0.000428664 1484.23 78.7212 1199 2487.05 0 961349 6.94162e+06
388 88217.3 0.000425481 1484.23 78.6823 1199 2487.05 0 960871 6.94114e+06
389 88254.5 0.000422323 1484.23 78.6437 1199 2487.06 0 960396 6.94067e+06
390 88291.5 0.000419189 1484.23 78.6055 1199 2487.07 0 959925 6.9402e+06
391 88328.3 0.000416081 1484.23 78.5675 1199 2487.08 0 959458 6.93973e+06
392 88364.7 0.000412996 1484.23 78.5299 1199 2487.09 0 958995 6.93927e+06
393 88401 0.000409936 1484.23 78.4925 1199 2487.1 0 958535 6.93881e+06
394 88436.9 0.0004069 1484.23 78.4554 1199 2487.1 0 958080 6.93836e+06
395 88472.7 0.000403887 1484.23 78.4187 1199 2487.11 0 957627 6.93791e+06
396 88508.1 0.000400898 1484.23 78.3822 1199 2487.12 0 957178 6.93746e+06
397 88543.3 0.000397932 1484.23 78.346 1199 2487.13 0 956733 6.93702e+06
398 88578.3 0.000394989 1484.23 78.3101 1199 2487.14 0 956292 6.93658e+06
399 88613.1 0.000392069 1484.23 78.2745 1199 2487.14 0 955853 6.93614e+06
400 88647.5 0.000389172 1484.23 78.2392 1199 2487.15 0 955419 6.93571e+06
401 88681.8 0.000386298 1484.23 78.2041 1199 2487.16 0 954987 6.93528e+06
402 88715.8 0.000383446 1484.23 78.1693 1199 2487.17 0 954559 6.93485e+06
403 88749.6 0.000380616 1484.23 78.1348 1199 2487.17 0 954135 6.93443e+06
404 88783.1 0.000377807 1484.23 78.1006 1199 2487.18 0 953714 6.93401e+06
405 88816.4 0.000375021 1484.23 78.0666 1199 2487.19 0 953296 6.9336e+06
406 88849.4 0.000372256 1484.23 78.0329 1199 2487.2 0 952881 6.93318e+06
407 88882.3 0.000369513 1484.23 77.9995 1199 2487.2 0 952470 6.93277e+06
408 88914.9 0.000366791 1484.23 77.9663 1199 2487.21 0 952062 6.93237e+06
409 88947.2 0.00036409 1484.23 77.9334 1199 2487.22 0 951657 6.93196e+06
410 88979.4 0.00036141 1484.23 77.9008 1199 2487.23 0 951255 6.93156e+06
411 89011.3 0.00035875 1484.23 77.8684 1199 2487.23 0 950857 6.93117e+06
412 89043 0.000356111 1484.23 77.8362 1199 2487.24 0 950461 6.93077e+06
413 89074.5 0.000353492 1484.23 77.8043 1199 2487.25 0 950069 6.93038e+06
414 89105.7 0.000350894 1484.23 77.7727 1199 2487.25 0 949680 6.92999e+06
415 89136.8 0.000348315 1484.23 77.7413 1199 2487.26 0 949294 6.92961e+06
416 89167.6 0.000345757 1484.23 77.7102 1199 2487.27 0 948910 6.92923e+06
417 89198.2 0.000343218 1484.23 77.6793 1199 2487.28 0 948530 6.92885e+06
418 89228.6 0.000340698 1484.23 77.6486 1199 2487.28 0 948153 6.92847e+06
419 89258.8 0.000338198 1484.23 77.6182 1199 2487.29 0 947779 6.9281e+06
420 89288.7 0.000335717 1484.23 77.588 1199 2487.3 0 947407 6.92773e+06
421 89318.5 0.000333255 1484.23 77.558 1199 2487.3 0 947039 6.92736e+06
422 89348 0.000330812 1484.23 77.5283 1199 2487.31 0 946673 6.927e+06
423 89377.4 0.000328388 1484.23 77.4988 1199 2487.31 0 946310 6.92664e+06
424 89406.5 0.000325982 1484.23 77.4695 1199 2487.32 0 945950 6.92628e+06
425 89435.4 0.000323595 1484.23 77.4405 1199 2487.33 0 945593 6.92592e+06
426 89464.2 0.000321226 1484.23 77.4117 1199 2487.33 0 945239 6.92557e+06
427 89492.7 0.000318875 1484.23 77.3831 1199 2487.34 0 944887 6.92522e+06
428 89521 0.000316542 1484.23 77.3547 1199 2487.35 0 944538 6.92487e+06
429 89549.2 0.000314227 1484.23 77.3266 1199 2487.35 0 944192 6.92453e+06
430 89577.1 0.000311929 1484.23 77.2986 1199 2487.36 0 943848 6.92419e+06
431 89604.8 0.000309649 1484.23 77.2709 1199 2487.36 0 943507 6.92385e+06
432 89632.4 0.000307386 1484.23 77.2434 1199 2487.37 0 943169 6.92351e+06
433 89659.7 0.000305141 1484.23 77.2161 1199 2487.38 0 942833 6.92318e+06
434 89686.9 0.000302912 1484.23 77.189 1199 2487.38 0 942500 6.92284e+06
435 89713.9 0.000300701 1484.23 77.1622 1199 2487.39 0 942169 6.92251e+06
436 89740.6 0.000298506 1484.23 77.1355 1199 2487.39 0 941841 6.92219e+06
437 89767.2 0.000296328 1484.23 77.109 1199 2487.4 0 941516 6.92186e+06
438 89793.6 0.000294167 1484.23 77.0828 1199 2487.41 0 941193 6.92154e+06
439 89819.9 0.000292022 1484.23 77.0567 1199 2487.41 0 940872 6.92122e+06
440 89845.9 0.000289893 1484.23 77.0309 1199 2487.42 0 940554 6.92091e+06
441 89871.7 0.00028778 1484.23 77.0052 1199 2487.42 0 940239 6.92059e+06
442 89897.4 0.000285683 1484.23 76.9797 1199 2487.43 0 939925 6.92028e+06
443 89922.9 0.000283603 1484.23 76.9545 1199 2487.43 0 939615 6.91997e+06
444 89948.2 0.000281538 1484.23 76.9294 1199 2487.44 0 939306 6.91966e+06
445 89973.4 0.000279488 1484.23 76.9045 1199 2487.45 0 939000 6.91936e+06
446 89998.3 0.000277454 1484.23 76.8798 1199 2487.45 0 938696 6.91906e+06
447 90023.1 0.000275435 1484.23 76.8553 1199 2487.46 0 938395 6.91875e+06
448 90047.7 0.000273432 1484.23 76.831 1199 2487.46 0 938096 6.91846e+06
449 90072.2 0.000271444 1484.23 76.8069 1199 2487.47 0 937799 6.91816e+06
450 90096.5 0.000269471 1484.23 76.7829 1199 2487.47 0 937504 6.91787e+06
451 90120.6 0.000267512 1484.23 76.7591 1199 2487.48 0 937212 6.91758e+06
452 90144.5 0.000265569 1484.23 76.7356 1199 2487.48 0 936922 6.91729e+06
453 90168.3 0.00026364 1484.23 76.7121 1199 2487.49 0 936634 6.917e+06
454 90191.9 0.000261725 1484.23 76.6889 1199 2487.49 0 936348 6.91672e+06
455 90215.3 0.000259825 1484.23 76.6659 1199 2487.5 0 936065 6.91643e+06
456 90238.6 0.000257939 1484.23 76.643 1199 2487.5 0 935784 6.91615e+06
457 90261.7 0.000256068 1484.23 76.6203 1199 2487.51 0 935504 6.91588e+06
458 90284.6 0.00025421 1484.23 76.5978 1199 2487.51 0 935227 6.9156e+06
459 90307.4 0.000252366 1484.23 76.5754 1199 2487.52 0 934952 6.91533e+06
460 90330 0.000250537 1484.23 76.5532 1199 2487.52 0 934679 6.91505e+06
461 90352.5 0.000248721 1484.23 76.5312 1199 2487.53 0 934409 6.91478e+06
462 90374.8 0.000246918 1484.23 76.5093 1199 2487.53 0 934140 6.91452e+06
463 90397 0.000245129 1484.23 76.4876 1199 2487.54 0 933873 6.91425e+06
464 90419 0.000243354 1484.23 76.4661 1199 2487.54 0 933608 6.91399e+06
465 90440.8 0.000241591 1484.23 76.4448 1199 2487.55 0 933345 6.91372e+06
466 90462.5 0.000239842 1484.23 76.4236 1199 2487.55 0 933085 6.91347e+06
467 90484 0.000238106 1484.23 76.4025 1199 2487.56 0 932826 6.91321e+06
468 90505.4 0.000236383 1484.23 76.3816 1199 2487.56 0 932569 6.91295e+06
469 90526.7 0.000234673 1484.23 76.3609 1199 2487.56 0 932314 6.9127e+06
470 90547.7 0.000232976 1484.23 76.3403 1199 2487.57 0 932061 6.91245e+06
471 90568.7 0.000231291 1484.23 76.3199 1199 2487.57 0 931810 6.9122e+06
472 90589.5 0.000229619 1484.23 76.2997 1199 2487.58 0 931561 6.91195e+06
473 90610.1 0.000227959 1484.23 76.2796 1199 2487.58 0 931314 6.9117e+06
474 90630.6 0.000226312 1484.23 76.2596 1199 2487.59 0 931068 6.91146e+06
475 90651 0.000224677 1484.23 76.2398 1199 2487.59 0 930825 6.91121e+06
476 90671.2 0.000223054 1484.23 76.2201 1199 2487.6 0 930583 6.91097e+06
477 90691.3 0.000221443 1484.23 76.2006 1199 2487.6 0 930343 6.91073e+06
478 90711.2 0.000219844 1484.23 76.1813 1199 2487.6 0 930105 6.9105e+06
479 90731 0.000218258 1484.23 76.162 1199 2487.61 0 929868 6.91026e+06
480 90750.7 0.000216682 1484.23 76.143 1199 2487.61 0 929634 6.91003e+06
481 90770.2 0.000215119 1484.23 76.124 1199 2487.62 0 929401 6.9098e+06
482 90789.6 0.000213567 1484.23 76.1052 1199 2487.62 0 929170 6.90956e+06
483 90808.9 0.000212027 1484.23 76.0866 1199 2487.63 0 928941 6.90934e+06
484 90828 0.000210498 1484.23 76.0681 1199 2487.63 0 928713 6.90911e+06
485 90847 0.000208981 1484.23 76.0497 1199 2487.63 0 928487 6.90888e+06
486 90865.8 0.000207474 1484.23 76.0315 1199 2487.64 0 928263 6.90866e+06
487 90884.5 0.000205979 1484.23 76.0134 1199 2487.64 0 928040 6.90844e+06
488 90903.1 0.000204495 1484.23 75.9954 1199 2487.65 0 927819 6.90822e+06
489 90921.6 0.000203022 1484.23 75.9776 1199 2487.65 0 927600 6.908e+06
490 90939.9 0.00020156 1484.23 75.9599 1199 2487.65 0 927382 6.90778e+06
491 90958.1 0.000200109 1484.23 75.9423 1199 2487.66 0 927166 6.90757e+06
492 90976.2 0.000198669 1484.23 75.9249 1199 2487.66 0 926952 6.90736e+06
493 90994.1 0.000197239 1484.23 75.9076 1199 2487.66 0 926739 6.90714e+06
494 91011.9 0.000195819 1484.23 75.8904 1199 2487.67 0 926528 6.90693e+06
495 91029.6 0.000194411 1484.23 75.8734 1199 2487.67 0 926319 6.90672e+06
496 91047.2 0.000193012 1484.23 75.8565 1199 2487.68 0 926110 6.90652e+06
497 91064.6 0.000191624 1484.23 75.8397 1199 2487.68 0 925904 6.90631e+06
498 91082 0.000190246 1484.23 75.823 1199 2487.68 0 925699 6.90611e+06
499 91099.2 0.000188879 1484.23 75.8065 1199 2487.69 0 925496 6.9059e+06
