bank_capital bank_loans bank_debts consumer_capital company_capital market_capital total_capital
0 0 0 0 226971 486996 -152659 561308
1 0 0 0 436841 255857 -131390 561308
2 29018.9 0 29611.1 428091 261751 -157553 561308
3 52701.7 27893.5 83235 397285 108810 2511.47 561308
4 45252 56998.1 106068 274185 99782.2 142089 561308
5 38829.5 78933.2 122406 252089 135674 134716 561308
6 37455.9 95178.3 138049 255622 148785 119444 561308
7 307785 109844 152714 254631 145746 124205 832367
8 585066 125175 165450 252201 143236 132343 1.11285e+06
9 843870 139247 177381 253928 147120 129408 1.37433e+06
10 1.114e+06 153947 188471 254952 145960 133603 1.64852e+06
11 1.41421e+06 168540 198704 255613 146378 137246 1.95344e+06
12 1.755e+06 183411 208133 257664 147827 139461 2.29995e+06
13 2.13541e+06 198684 216782 260663 149766 141327 2.68717e+06
14 2.57001e+06 214222 224658 264444 152367 142701 3.12953e+06
15 3.05888e+06 230776 231785 269848 156030 143069 3.62783e+06
16 3.60683e+06 248832 238177 277255 161435 141846 4.18737e+06
17 4.22172e+06 268524 243826 286526 168194 139711 4.81615e+06
18 4.91042e+06 292521 248722 298655 177042 137615 5.52374e+06
19 5.67485e+06 330808 252836 314396 189504 143274 6.32202e+06
20 5.62556e+06 383762 256120 335440 210235 150785 6.32202e+06
21 5.55108e+06 461037 258502 365883 240424 164641 6.32202e+06
22 5.435e+06 578769 259839 411450 288364 187211 6.32202e+06
23 5.24313e+06 770635 259839 482557 368096 228239 6.32202e+06
24 5.09152e+06 922248 259839 598438 510548 121518 6.32202e+06
25 4.93387e+06 1.0799e+06 259839 722414 571280 94463.9 6.32202e+06
26 4.77325e+06 1.24052e+06 259839 831790 628179 88803.5 6.32202e+06
27 4.61129e+06 1.40247e+06 259839 938291 686048 86390.7 6.32202e+06
28 4.44988e+06 1.56389e+06 259839 1.04504e+06 743492 83608.4 6.32202e+06
29 4.2911e+06 1.72267e+06 259839 1.15156e+06 798928 80442.2 6.32202e+06
30 4.13703e+06 1.87674e+06 259839 1.25646e+06 851320 77210.2 6.32202e+06
31 4.01415e+06 1.99962e+06 259839 1.31402e+06 919792 74065 6.32202e+06
32 3.90708e+06 2.10669e+06 259839 1.37429e+06 973390 67268.3 6.32202e+06
33 3.8028e+06 2.21097e+06 259839 1.42199e+06 1.0356e+06 61642.9 6.32202e+06
34 3.69573e+06 2.31803e+06 259839 1.4907e+06 1.07527e+06 60320.4 6.32202e+06
35 3.58955e+06 2.42422e+06 259839 1.55408e+06 1.12077e+06 57631.8 6.32202e+06
36 3.48571e+06 2.52805e+06 259839 1.59991e+06 1.17833e+06 58075.6 6.32202e+06
37 3.38022e+06 2.63355e+06 259839 1.66827e+06 1.21383e+06 59704.3 6.32202e+06
38 3.27749e+06 2.73628e+06 259839 1.71222e+06 1.27462e+06 57692.8 6.32202e+06
39 3.17618e+06 2.83759e+06 259839 1.75645e+06 1.32928e+06 60112.8 6.32202e+06
40 3.07625e+06 2.93752e+06 259839 1.79938e+06 1.38599e+06 60400.5 6.32202e+06
41 2.97775e+06 3.03602e+06 259839 1.84247e+06 1.44168e+06 60121.7 6.32202e+06
42 2.87339e+06 3.14037e+06 259839 1.92491e+06 1.4661e+06 57625.8 6.32202e+06
43 2.77351e+06 3.24026e+06 259839 1.97221e+06 1.52034e+06 55966.3 6.32202e+06
44 2.67526e+06 3.33851e+06 259839 2.01689e+06 1.57087e+06 59006.7 6.32202e+06
45 2.57856e+06 3.43521e+06 259839 2.06025e+06 1.62368e+06 59532.7 6.32202e+06
46 2.48345e+06 3.53032e+06 259839 2.10389e+06 1.67534e+06 59333.9 6.32202e+06
47 2.38996e+06 3.62381e+06 259839 2.14753e+06 1.72544e+06 59091.4 6.32202e+06
48 2.2981e+06 3.71567e+06 259839 2.19098e+06 1.77407e+06 58883 6.32202e+06
49 2.20687e+06 3.8069e+06 259839 2.23729e+06 1.81945e+06 58407.7 6.32202e+06
50 2.11781e+06 3.89595e+06 259839 2.28318e+06 1.86291e+06 58122.8 6.32202e+06
51 2.03045e+06 3.98332e+06 259839 2.32608e+06 1.9074e+06 58095.6 6.32202e+06
52 1.94475e+06 4.06902e+06 259839 2.36864e+06 1.95038e+06 58256.8 6.32202e+06
53 1.86056e+06 4.1532e+06 259839 2.41254e+06 1.99082e+06 58094.2 6.32202e+06
54 1.77454e+06 4.23923e+06 259839 2.47923e+06 2.01125e+06 57011.2 6.32202e+06
55 1.69131e+06 4.32246e+06 259839 2.52228e+06 2.05186e+06 56573.5 6.32202e+06
56 1.60969e+06 4.40407e+06 259839 2.56503e+06 2.08944e+06 57860.7 6.32202e+06
57 1.52968e+06 4.48409e+06 259839 2.6072e+06 2.12719e+06 57949.6 6.32202e+06
58 1.45125e+06 4.56252e+06 259839 2.64947e+06 2.16346e+06 57851.1 6.32202e+06
59 1.37438e+06 4.63939e+06 259839 2.69163e+06 2.19825e+06 57760.9 6.32202e+06
60 1.29905e+06 4.71471e+06 259839 2.73364e+06 2.23165e+06 57685.9 6.32202e+06
61 1.22525e+06 4.78852e+06 259839 2.77548e+06 2.26368e+06 57620.8 6.32202e+06
62 1.15293e+06 4.86084e+06 259839 2.81716e+06 2.29437e+06 57563.3 6.32202e+06
63 1.08208e+06 4.93169e+06 259839 2.85869e+06 2.32374e+06 57512.7 6.32202e+06
64 1.01266e+06 5.0011e+06 259839 2.90009e+06 2.3518e+06 57468.2 6.32202e+06
65 944651 5.06912e+06 259839 2.94135e+06 2.37859e+06 57429.5 6.32202e+06
66 878010 5.13576e+06 259839 2.98251e+06 2.40411e+06 57396.2 6.32202e+06
67 812705 5.20106e+06 259839 3.02356e+06 2.42839e+06 57368 6.32202e+06
68 919957 5.26506e+06 259839 3.06454e+06 2.45144e+06 57344.4 6.49328e+06
69 1.03034e+06 5.3278e+06 259839 3.10544e+06 2.47329e+06 57325.4 6.6664e+06
70 1.14379e+06 5.38931e+06 259839 3.14629e+06 2.49397e+06 57310.5 6.84135e+06
71 1.26024e+06 5.44963e+06 259839 3.18709e+06 2.51359e+06 57201.3 7.01812e+06
72 1.37972e+06 5.50878e+06 259839 3.228e+06 2.53158e+06 57452 7.19677e+06
73 1.50084e+06 5.56683e+06 259839 3.26871e+06 2.54916e+06 57215.6 7.37593e+06
74 1.62622e+06 5.62381e+06 259839 3.30955e+06 2.56523e+06 57279.6 7.55828e+06
75 1.75424e+06 5.67975e+06 259839 3.35036e+06 2.58035e+06 57291.6 7.74225e+06
76 1.88627e+06 5.7347e+06 259839 3.39123e+06 2.59443e+06 57297.5 7.92923e+06
77 2.01934e+06 5.7887e+06 259839 3.43216e+06 2.60749e+06 57305.8 8.11629e+06
78 2.15492e+06 5.84178e+06 259839 3.47317e+06 2.61955e+06 57317 8.30496e+06
79 2.29305e+06 5.8939e+06 259839 3.51418e+06 2.63072e+06 57254.7 8.49521e+06
80 2.43338e+06 5.94529e+06 259839 3.5554e+06 2.64074e+06 57412.3 8.68693e+06
81 2.57542e+06 5.99485e+06 259839 3.59544e+06 2.65028e+06 57398.2 8.87853e+06
82 2.7158e+06 6.04524e+06 259839 3.62938e+06 2.66636e+06 57751.6 9.06929e+06
83 2.84544e+06 6.09454e+06 259839 3.66888e+06 2.67621e+06 57701.3 9.24823e+06
84 2.97037e+06 6.14315e+06 259839 3.70852e+06 2.6853e+06 57587.3 9.42178e+06
85 3.09349e+06 6.19113e+06 259839 3.74953e+06 2.69224e+06 57606.2 9.59288e+06
86 3.22783e+06 6.23851e+06 259839 3.7903e+06 2.69888e+06 57584.7 9.77459e+06
87 3.36976e+06 6.28532e+06 259839 3.83123e+06 2.70466e+06 57681.3 9.96334e+06
88 3.51772e+06 6.33045e+06 259839 3.86853e+06 2.7126e+06 57572.3 1.01564e+07
89 3.665e+06 6.37522e+06 259839 3.89029e+06 2.73463e+06 58554.9 1.03485e+07
90 3.62551e+06 6.41471e+06 259839 3.91661e+06 2.74756e+06 58795.9 1.03485e+07
91 3.58502e+06 6.4552e+06 259839 3.95848e+06 2.7474e+06 57579.2 1.03485e+07
92 3.54361e+06 6.49661e+06 259839 3.99345e+06 2.7536e+06 57816 1.03485e+07
93 3.5029e+06 6.53732e+06 259839 4.03373e+06 2.75393e+06 57918.2 1.03485e+07
94 3.62331e+06 6.57773e+06 259839 4.07241e+06 2.75571e+06 57865.7 1.05093e+07
95 3.74277e+06 6.61787e+06 259839 4.10664e+06 2.76157e+06 57921.3 1.06689e+07
96 3.86487e+06 6.6577e+06 259839 4.14621e+06 2.76172e+06 58024.9 1.08308e+07
97 3.98565e+06 6.69603e+06 259839 4.17883e+06 2.7672e+06 58256.5 1.09899e+07
98 4.09195e+06 6.73462e+06 259839 4.21848e+06 2.76629e+06 58110.4 1.11348e+07
99 4.20142e+06 6.77181e+06 259839 4.24715e+06 2.77468e+06 58229.4 1.12815e+07
100 4.30359e+06 6.8093e+06 259839 4.29179e+06 2.76769e+06 58086.5 1.14212e+07
101 4.41991e+06 6.84647e+06 259839 4.32161e+06 2.77482e+06 58289.4 1.15746e+07
102 4.52301e+06 6.88384e+06 259839 4.36005e+06 2.77346e+06 58588.1 1.17151e+07
103 4.48592e+06 6.92093e+06 259839 4.39654e+06 2.7745e+06 58154.7 1.17151e+07
104 4.45022e+06 6.95663e+06 259839 4.41334e+06 2.79263e+06 58914.5 1.17151e+07
105 4.41438e+06 6.99247e+06 259839 4.44863e+06 2.7933e+06 58797 1.17151e+07
106 4.37859e+06 7.02826e+06 259839 4.49238e+06 2.78575e+06 58378.8 1.17151e+07
107 4.34517e+06 7.06168e+06 259839 4.52958e+06 2.782e+06 58354.5 1.17151e+07
108 4.31244e+06 7.0944e+06 259839 4.54519e+06 2.79828e+06 59192.6 1.17151e+07
109 4.27942e+06 7.12743e+06 259839 4.58507e+06 2.79167e+06 58941.4 1.17151e+07
110 4.24718e+06 7.15966e+06 259839 4.62836e+06 2.78129e+06 58271.4 1.17151e+07
111 4.21432e+06 7.19253e+06 259839 4.66427e+06 2.77789e+06 58621.6 1.17151e+07
112 4.18347e+06 7.22338e+06 259839 4.69655e+06 2.77638e+06 58705.2 1.17151e+07
113 4.15032e+06 7.25652e+06 259839 4.73255e+06 2.77359e+06 58636.8 1.17151e+07
114 4.11838e+06 7.28846e+06 259839 4.76871e+06 2.76942e+06 58587.5 1.17151e+07
115 4.08587e+06 7.32098e+06 259839 4.79279e+06 2.77735e+06 59096.1 1.17151e+07
116 4.05413e+06 7.35272e+06 259839 4.83463e+06 2.7676e+06 58744.5 1.17151e+07
117 4.02153e+06 7.38531e+06 259839 4.87601e+06 2.75901e+06 58553.8 1.17151e+07
118 3.99097e+06 7.41588e+06 259839 4.90707e+06 2.75821e+06 58858.4 1.17151e+07
119 3.95961e+06 7.44724e+06 259839 4.9499e+06 2.74694e+06 58649.7 1.17151e+07
120 3.929e+06 7.47784e+06 259839 4.9803e+06 2.74715e+06 58654.2 1.17151e+07
121 3.90584e+06 7.50101e+06 259839 4.57437e+06 3.15676e+06 78140.3 1.17151e+07
122 3.88247e+06 7.52437e+06 259839 4.61452e+06 3.15849e+06 59614.8 1.17151e+07
123 3.85828e+06 7.54857e+06 259839 4.66175e+06 3.13696e+06 58107.2 1.17151e+07
124 3.83329e+06 7.57355e+06 259839 4.70938e+06 3.11408e+06 58342.8 1.17151e+07
125 3.80748e+06 7.59936e+06 259839 4.75792e+06 3.09128e+06 58421.1 1.17151e+07
126 3.93226e+06 7.62605e+06 259839 4.80755e+06 3.06832e+06 58432.5 1.18666e+07
127 4.0491e+06 7.65334e+06 259839 4.84569e+06 3.05708e+06 58827.8 1.20107e+07
128 4.15031e+06 7.6799e+06 259839 4.86931e+06 3.05996e+06 58889.8 1.21385e+07
129 4.2424e+06 7.70571e+06 259839 4.88587e+06 3.06946e+06 58633.8 1.22564e+07
130 4.33458e+06 7.73075e+06 259839 4.90193e+06 3.07845e+06 58624.7 1.23736e+07
131 4.4439e+06 7.75505e+06 259839 4.91745e+06 3.08722e+06 58636.4 1.25072e+07
132 4.56369e+06 7.7786e+06 259839 4.93248e+06 3.09574e+06 58647.1 1.26505e+07
133 4.68429e+06 7.80142e+06 259839 4.94703e+06 3.10399e+06 58656.6 1.2794e+07
134 4.8057e+06 7.82352e+06 259839 4.96112e+06 3.11198e+06 58665.4 1.29375e+07
135 4.9279e+06 7.84488e+06 259839 4.97476e+06 3.1197e+06 58674 1.3081e+07
136 5.05087e+06 7.86554e+06 259839 4.98795e+06 3.12716e+06 58682.5 1.32247e+07
137 5.17458e+06 7.88548e+06 259839 5.0007e+06 3.13434e+06 58691 1.33683e+07
138 5.29904e+06 7.90472e+06 259839 5.01301e+06 3.14126e+06 58699.5 1.3512e+07
139 5.42421e+06 7.92326e+06 259839 5.02489e+06 3.14792e+06 58708 1.36557e+07
140 5.55008e+06 7.94111e+06 259839 5.03633e+06 3.15432e+06 58716.7 1.37994e+07
141 5.68342e+06 7.95148e+06 259839 4.6641e+06 3.5214e+06 74231.3 1.39432e+07
142 5.67089e+06 7.96401e+06 259839 4.69334e+06 3.51902e+06 59913.4 1.39432e+07
143 5.65744e+06 7.97746e+06 259839 4.73937e+06 3.4877e+06 58643.4 1.39432e+07
144 5.64263e+06 7.99228e+06 259839 4.78906e+06 3.45282e+06 58660.7 1.39432e+07
145 5.62682e+06 8.00809e+06 259839 4.83931e+06 3.41833e+06 58708.2 1.39432e+07
146 5.75421e+06 8.02319e+06 259839 4.85488e+06 3.41785e+06 58719.9 1.40857e+07
147 5.87799e+06 8.03761e+06 259839 4.86431e+06 3.42266e+06 58898.6 1.42239e+07
148 5.99587e+06 8.05135e+06 259839 4.87235e+06 3.42845e+06 58809.3 1.43555e+07
149 6.114e+06 8.06441e+06 259839 4.88026e+06 3.43361e+06 58792.6 1.44867e+07
150 6.23258e+06 8.0768e+06 259839 4.88788e+06 3.43838e+06 58792 1.46176e+07
151 6.3583e+06 8.08852e+06 259839 4.89514e+06 3.44284e+06 58796.5 1.47551e+07
152 6.48457e+06 8.09958e+06 259839 4.90203e+06 3.44701e+06 58803.1 1.48924e+07
153 6.61139e+06 8.10999e+06 259839 4.90854e+06 3.4509e+06 58810.5 1.50296e+07
154 6.73873e+06 8.11976e+06 259839 4.91467e+06 3.45453e+06 58818.3 1.51667e+07
155 6.86657e+06 8.12889e+06 259839 4.92043e+06 3.45789e+06 58826.3 1.53037e+07
156 6.99491e+06 8.13739e+06 259839 4.92581e+06 3.46101e+06 58834.5 1.54406e+07
157 7.12373e+06 8.14527e+06 259839 4.93082e+06 3.46386e+06 58842.6 1.55773e+07
158 7.25301e+06 8.15253e+06 259839 4.93546e+06 3.46647e+06 58850.9 1.57138e+07
159 7.38275e+06 8.15918e+06 259839 4.93974e+06 3.46884e+06 58859.1 1.58502e+07
160 7.51291e+06 8.16522e+06 259839 4.94366e+06 3.47095e+06 58867.3 1.59864e+07
161 7.62425e+06 8.18992e+06 259839 5.85805e+06 2.61307e+06 27053.1 1.61224e+07
162 7.74777e+06 8.20226e+06 259839 5.66634e+06 2.78268e+06 61493.9 1.62583e+07
163 7.73539e+06 8.21464e+06 259839 5.61872e+06 2.84359e+06 60575.2 1.62583e+07
164 7.72653e+06 8.2235e+06 259839 5.57899e+06 2.89335e+06 59417.5 1.62583e+07
165 7.7205e+06 8.22953e+06 259839 5.53603e+06 2.94245e+06 59306.4 1.62583e+07
166 7.71633e+06 8.2337e+06 259839 5.5002e+06 2.98249e+06 59259.9 1.62583e+07
167 7.87456e+06 8.23574e+06 259839 5.47653e+06 3.00827e+06 59195.3 1.64186e+07
168 8.02206e+06 8.2373e+06 259839 5.47576e+06 3.01058e+06 59217.9 1.65676e+07
169 8.16775e+06 8.2384e+06 259839 5.4767e+06 3.0107e+06 59258.9 1.67144e+07
170 8.30714e+06 8.23904e+06 259839 5.47738e+06 3.01065e+06 59267 1.68544e+07
171 8.43758e+06 8.23923e+06 259839 5.47778e+06 3.01043e+06 59274.6 1.69851e+07
172 8.56553e+06 8.23923e+06 259839 5.4779e+06 3.0103e+06 59282.9 1.7113e+07
173 8.69323e+06 8.23923e+06 259839 5.47789e+06 3.0103e+06 59297.4 1.72407e+07
174 8.82066e+06 8.23923e+06 259839 5.47788e+06 3.01029e+06 59316.2 1.73681e+07
175 8.94783e+06 8.23923e+06 259839 5.47786e+06 3.01029e+06 59334.7 1.74953e+07
176 9.07473e+06 8.23923e+06 259839 5.47785e+06 3.01028e+06 59352.8 1.76222e+07
177 9.20135e+06 8.23923e+06 259839 5.47783e+06 3.01028e+06 59370.7 1.77488e+07
178 9.32769e+06 8.23923e+06 259839 5.47782e+06 3.01028e+06 59388.4 1.78752e+07
179 9.45374e+06 8.23923e+06 259839 5.4778e+06 3.01028e+06 59405.8 1.80012e+07
180 9.57951e+06 8.23923e+06 259839 5.47779e+06 3.01028e+06 59423 1.8127e+07
181 9.70497e+06 8.23923e+06 259839 5.47777e+06 3.01027e+06 59439.9 1.82525e+07
182 9.83014e+06 8.23923e+06 259839 5.47776e+06 3.01027e+06 59456.7 1.83776e+07
183 9.955e+06 8.23923e+06 259839 5.47774e+06 3.01027e+06 59473.3 1.85025e+07
184 1.00795e+07 8.23923e+06 259839 5.47773e+06 3.01027e+06 59489.6 1.8627e+07
185 1.02038e+07 8.23923e+06 259839 5.47771e+06 3.01027e+06 59505.7 1.87513e+07
186 1.03277e+07 8.23923e+06 259839 5.4777e+06 3.01026e+06 59521.7 1.88752e+07
187 1.04513e+07 8.23923e+06 259839 5.47769e+06 3.01026e+06 59537.4 1.89988e+07
188 1.05746e+07 8.23923e+06 259839 5.47767e+06 3.01026e+06 59553 1.91221e+07
189 1.06975e+07 8.23923e+06 259839 5.47766e+06 3.01026e+06 59568.3 1.9245e+07
190 1.08201e+07 8.23923e+06 259839 5.47764e+06 3.01026e+06 59583.5 1.93676e+07
191 1.09424e+07 8.23923e+06 259839 5.47763e+06 3.01025e+06 59598.5 1.94899e+07
192 1.10643e+07 8.23923e+06 259839 5.47762e+06 3.01025e+06 59613.3 1.96118e+07
193 1.11859e+07 8.23923e+06 259839 5.47761e+06 3.01025e+06 59628 1.97334e+07
194 1.13071e+07 8.23923e+06 259839 5.47759e+06 3.01025e+06 59642.4 1.98546e+07
195 1.1428e+07 8.23923e+06 259839 5.47758e+06 3.01025e+06 59656.7 1.99755e+07
196 1.15485e+07 8.23923e+06 259839 5.47757e+06 3.01025e+06 59670.8 2.0096e+07
197 1.16686e+07 8.23923e+06 259839 5.47756e+06 3.01024e+06 59684.8 2.02161e+07
198 1.17884e+07 8.23923e+06 259839 5.47754e+06 3.01024e+06 59698.6 2.03359e+07
199 1.19079e+07 8.23923e+06 259839 5.47753e+06 3.01024e+06 59712.2 2.04554e+07
200 1.20269e+07 8.23923e+06 259839 5.47752e+06 3.01024e+06 59725.7 2.05744e+07
201 1.21456e+07 8.23923e+06 259839 5.47751e+06 3.01024e+06 59739 2.06931e+07
202 1.22639e+07 8.23923e+06 259839 5.4775e+06 3.01024e+06 59752.2 2.08114e+07
203 1.23819e+07 8.23923e+06 259839 5.47748e+06 3.01024e+06 59765.2 2.09293e+07
204 1.24994e+07 8.23923e+06 259839 5.47747e+06 3.01023e+06 59778.1 2.10469e+07
205 1.26166e+07 8.23923e+06 259839 5.47746e+06 3.01023e+06 59790.8 2.11641e+07
206 1.27334e+07 8.23923e+06 259839 5.47745e+06 3.01023e+06 59803.4 2.12808e+07
207 1.28497e+07 8.23923e+06 259839 5.47744e+06 3.01023e+06 59815.8 2.13972e+07
208 1.29657e+07 8.23923e+06 259839 5.47743e+06 3.01023e+06 59828.1 2.15132e+07
209 1.30814e+07 8.23923e+06 259839 5.47742e+06 3.01023e+06 59840.3 2.16288e+07
210 1.31966e+07 8.23923e+06 259839 5.47741e+06 3.01022e+06 59852.3 2.17441e+07
211 1.33114e+07 8.23923e+06 259839 5.4774e+06 3.01022e+06 59864.2 2.18589e+07
212 1.34258e+07 8.23923e+06 259839 5.47739e+06 3.01022e+06 59876 2.19733e+07
213 1.35398e+07 8.23923e+06 259839 5.47738e+06 3.01022e+06 59887.6 2.20873e+07
214 1.36534e+07 8.23923e+06 259839 5.47737e+06 3.01022e+06 59899.1 2.22009e+07
215 1.37666e+07 8.23923e+06 259839 5.47736e+06 3.01022e+06 59910.5 2.23141e+07
216 1.38794e+07 8.23923e+06 259839 5.47735e+06 3.01022e+06 59921.8 2.24269e+07
217 1.39918e+07 8.23923e+06 259839 5.47734e+06 3.01022e+06 59932.9 2.25393e+07
218 1.41038e+07 8.23923e+06 259839 5.47733e+06 3.01021e+06 59943.9 2.26513e+07
219 1.42153e+07 8.23923e+06 259839 5.47732e+06 3.01021e+06 59954.8 2.27628e+07
220 1.43265e+07 8.23923e+06 259839 5.47731e+06 3.01021e+06 59965.6 2.28739e+07
221 1.44372e+07 8.23923e+06 259839 5.4773e+06 3.01021e+06 59976.3 2.29847e+07
222 1.45475e+07 8.23923e+06 259839 5.47729e+06 3.01021e+06 59986.8 2.3095e+07
223 1.46574e+07 8.23923e+06 259839 5.47728e+06 3.01021e+06 59997.3 2.32049e+07
224 1.47669e+07 8.23923e+06 259839 5.47727e+06 3.01021e+06 60007.6 2.33143e+07
225 1.48759e+07 8.23923e+06 259839 5.47726e+06 3.01021e+06 60017.8 2.34234e+07
226 1.49845e+07 8.23923e+06 259839 5.47725e+06 3.0102e+06 60028 2.3532e+07
227 1.50927e+07 8.23923e+06 259839 5.47724e+06 3.0102e+06 60038 2.36402e+07
228 1.52005e+07 8.23923e+06 259839 5.47724e+06 3.0102e+06 60047.9 2.3748e+07
229 1.53078e+07 8.23923e+06 259839 5.47723e+06 3.0102e+06 60057.7 2.38553e+07
230 1.54147e+07 8.23923e+06 259839 5.47722e+06 3.0102e+06 60067.4 2.39622e+07
231 1.55212e+07 8.23923e+06 259839 5.47721e+06 3.0102e+06 60077 2.40687e+07
232 1.56273e+07 8.23923e+06 259839 5.4772e+06 3.0102e+06 60086.5 2.41747e+07
233 1.57329e+07 8.23923e+06 259839 5.47719e+06 3.0102e+06 60096 2.42804e+07
234 1.58381e+07 8.23923e+06 259839 5.47718e+06 3.01019e+06 60105.3 2.43856e+07
235 1.59428e+07 8.23923e+06 259839 5.47718e+06 3.01019e+06 60114.5 2.44903e+07
236 1.60472e+07 8.23923e+06 259839 5.47717e+06 3.01019e+06 60123.6 2.45946e+07
237 1.6151e+07 8.23923e+06 259839 5.47716e+06 3.01019e+06 60132.7 2.46985e+07
238 1.62545e+07 8.23923e+06 259839 5.47715e+06 3.01019e+06 60141.6 2.4802e+07
239 1.63575e+07 8.23923e+06 259839 5.47714e+06 3.01019e+06 60150.5 2.4905e+07
240 1.64601e+07 8.23923e+06 259839 5.47714e+06 3.01019e+06 60159.3 2.50076e+07
241 1.65622e+07 8.23923e+06 259839 5.47713e+06 3.01019e+06 60167.9 2.51097e+07
242 1.66639e+07 8.23923e+06 259839 5.47712e+06 3.01019e+06 60176.5 2.52114e+07
243 1.67652e+07 8.23923e+06 259839 5.47711e+06 3.01019e+06 60185 2.53127e+07
244 1.6866e+07 8.23923e+06 259839 5.47711e+06 3.01018e+06 60193.5 2.54135e+07
245 1.69664e+07 8.23923e+06 259839 5.4771e+06 3.01018e+06 60201.8 2.55139e+07
246 1.70664e+07 8.23923e+06 259839 5.47709e+06 3.01018e+06 60210.1 2.56139e+07
247 1.71659e+07 8.23923e+06 259839 5.47708e+06 3.01018e+06 60218.3 2.57134e+07
248 1.7265e+07 8.23923e+06 259839 5.47708e+06 3.01018e+06 60226.4 2.58125e+07
249 1.73636e+07 8.23923e+06 259839 5.47707e+06 3.01018e+06 60234.4 2.59111e+07
250 1.74618e+07 8.23923e+06 259839 5.47706e+06 3.01018e+06 60242.3 2.60093e+07
251 1.75596e+07 8.23923e+06 259839 5.47706e+06 3.01018e+06 60250.2 2.61071e+07
252 1.76569e+07 8.23923e+06 259839 5.47705e+06 3.01018e+06 60258 2.62044e+07
253 1.77538e+07 8.23923e+06 259839 5.47704e+06 3.01018e+06 60265.7 2.63012e+07
254 1.78502e+07 8.23923e+06 259839 5.47704e+06 3.01017e+06 60273.4 2.63977e+07
255 1.79462e+07 8.23923e+06 259839 5.47703e+06 3.01017e+06 60280.9 2.64937e+07
256 1.80418e+07 8.23923e+06 259839 5.47702e+06 3.01017e+06 60288.4 2.65892e+07
257 1.81369e+07 8.23923e+06 259839 5.47702e+06 3.01017e+06 60295.9 2.66844e+07
258 1.82316e+07 8.23923e+06 259839 5.47701e+06 3.01017e+06 60303.2 2.6779e+07
259 1.83258e+07 8.23923e+06 259839 5.477e+06 3.01017e+06 60310.5 2.68733e+07
260 1.84196e+07 8.23923e+06 259839 5.477e+06 3.01017e+06 60317.7 2.69671e+07
261 1.8513e+07 8.23923e+06 259839 5.47699e+06 3.01017e+06 60324.9 2.70605e+07
262 1.86059e+07 8.23923e+06 259839 5.47698e+06 3.01017e+06 60332 2.71534e+07
263 1.86984e+07 8.23923e+06 259839 5.47698e+06 3.01017e+06 60339 2.72459e+07
264 1.87904e+07 8.23923e+06 259839 5.47697e+06 3.01017e+06 60346 2.73379e+07
265 1.8882e+07 8.23923e+06 259839 5.47697e+06 3.01017e+06 60352.8 2.74295e+07
266 1.89732e+07 8.23923e+06 259839 5.47696e+06 3.01016e+06 60359.7 2.75207e+07
267 1.9064e+07 8.23923e+06 259839 5.47695e+06 3.01016e+06 60366.4 2.76114e+07
268 1.91543e+07 8.23923e+06 259839 5.47695e+06 3.01016e+06 60373.1 2.77017e+07
269 1.92441e+07 8.23923e+06 259839 5.47694e+06 3.01016e+06 60379.8 2.77916e+07
270 1.93336e+07 8.23923e+06 259839 5.47694e+06 3.01016e+06 60386.3 2.7881e+07
271 1.94226e+07 8.23923e+06 259839 5.47693e+06 3.01016e+06 60392.8 2.797e+07
272 1.95111e+07 8.23923e+06 259839 5.47693e+06 3.01016e+06 60399.3 2.80586e+07
273 1.95993e+07 8.23923e+06 259839 5.47692e+06 3.01016e+06 60405.7 2.81467e+07
274 1.9687e+07 8.23923e+06 259839 5.47691e+06 3.01016e+06 60412 2.82344e+07
275 1.97742e+07 8.23923e+06 259839 5.47691e+06 3.01016e+06 60418.3 2.83217e+07
276 1.98611e+07 8.23923e+06 259839 5.4769e+06 3.01016e+06 60424.5 2.84085e+07
277 1.99475e+07 8.23923e+06 259839 5.4769e+06 3.01016e+06 60430.7 2.84949e+07
278 2.00334e+07 8.23923e+06 259839 5.47689e+06 3.01016e+06 60436.8 2.85809e+07
279 2.0119e+07 8.23923e+06 259839 5.47689e+06 3.01015e+06 60442.9 2.86665e+07
280 2.02041e+07 8.23923e+06 259839 5.47688e+06 3.01015e+06 60448.9 2.87516e+07
281 2.02888e+07 8.23923e+06 259839 5.47688e+06 3.01015e+06 60454.8 2.88363e+07
282 2.03731e+07 8.23923e+06 259839 5.47687e+06 3.01015e+06 60460.7 2.89205e+07
283 2.04569e+07 8.23923e+06 259839 5.47687e+06 3.01015e+06 60466.5 2.90044e+07
284 2.05403e+07 8.23923e+06 259839 5.47686e+06 3.01015e+06 60472.3 2.90878e+07
285 2.06233e+07 8.23923e+06 259839 5.47686e+06 3.01015e+06 60478.1 2.91708e+07
286 2.07059e+07 8.23923e+06 259839 5.47685e+06 3.01015e+06 60483.7 2.92533e+07
287 2.0788e+07 8.23923e+06 259839 5.47685e+06 3.01015e+06 60489.4 2.93355e+07
288 2.08697e+07 8.23923e+06 259839 5.47684e+06 3.01015e+06 60495 2.94172e+07
289 2.0951e+07 8.23923e+06 259839 5.47684e+06 3.01015e+06 60500.5 2.94985e+07
290 2.10319e+07 8.23923e+06 259839 5.47683e+06 3.01015e+06 60506 2.95794e+07
291 2.11124e+07 8.23923e+06 259839 5.47683e+06 3.01015e+06 60511.4 2.96599e+07
292 2.11924e+07 8.23923e+06 259839 5.47682e+06 3.01015e+06 60516.8 2.97399e+07
293 2.12721e+07 8.23923e+06 259839 5.47682e+06 3.01014e+06 60522.1 2.98195e+07
294 2.13513e+07 8.23923e+06 259839 5.47681e+06 3.01014e+06 60527.4 2.98988e+07
295 2.14301e+07 8.23923e+06 259839 5.47681e+06 3.01014e+06 60532.7 2.99776e+07
296 2.15085e+07 8.23923e+06 259839 5.4768e+06 3.01014e+06 60537.9 3.00559e+07
297 2.15864e+07 8.23923e+06 259839 5.4768e+06 3.01014e+06 60543 3.01339e+07
298 2.1664e+07 8.23923e+06 259839 5.4768e+06 3.01014e+06 60548.2 3.02115e+07
299 2.17411e+07 8.23923e+06 259839 5.47679e+06 3.01014e+06 60553.2 3.02886e+07
300 2.18179e+07 8.23923e+06 259839 5.47679e+06 3.01014e+06 60558.3 3.03654e+07
301 2.18942e+07 8.23923e+06 259839 5.47678e+06 3.01014e+06 60563.2 3.04417e+07
302 2.19702e+07 8.23923e+06 259839 5.47678e+06 3.01014e+06 60568.2 3.05176e+07
303 2.20457e+07 8.23923e+06 259839 5.47677e+06 3.01014e+06 60573.1 3.05932e+07
304 2.21208e+07 8.23923e+06 259839 5.47677e+06 3.01014e+06 60577.9 3.06683e+07
305 2.21955e+07 8.23923e+06 259839 5.47676e+06 3.01014e+06 60582.7 3.0743e+07
306 2.22698e+07 8.23923e+06 259839 5.47676e+06 3.01014e+06 60587.5 3.08173e+07
307 2.23438e+07 8.23923e+06 259839 5.47676e+06 3.01014e+06 60592.2 3.08912e+07
308 2.24173e+07 8.23923e+06 259839 5.47675e+06 3.01014e+06 60596.9 3.09648e+07
309 2.24904e+07 8.23923e+06 259839 5.47675e+06 3.01013e+06 60601.6 3.10379e+07
310 2.25631e+07 8.23923e+06 259839 5.47674e+06 3.01013e+06 60606.2 3.11106e+07
311 2.26354e+07 8.23923e+06 259839 5.47674e+06 3.01013e+06 60610.7 3.11829e+07
312 2.27074e+07 8.23923e+06 259839 5.47674e+06 3.01013e+06 60615.3 3.12548e+07
313 2.27789e+07 8.23923e+06 259839 5.47673e+06 3.01013e+06 60619.7 3.13264e+07
314 2.285e+07 8.23923e+06 259839 5.47673e+06 3.01013e+06 60624.2 3.13975e+07
315 2.29208e+07 8.23923e+06 259839 5.47672e+06 3.01013e+06 60628.6 3.14683e+07
316 2.29912e+07 8.23923e+06 259839 5.47672e+06 3.01013e+06 60633 3.15387e+07
317 2.30612e+07 8.23923e+06 259839 5.47672e+06 3.01013e+06 60637.3 3.16086e+07
318 2.31307e+07 8.23923e+06 259839 5.47671e+06 3.01013e+06 60641.6 3.16782e+07
319 2.32e+07 8.23923e+06 259839 5.47671e+06 3.01013e+06 60645.9 3.17474e+07
320 2.32688e+07 8.23923e+06 259839 5.47671e+06 3.01013e+06 60650.1 3.18163e+07
321 2.33372e+07 8.23923e+06 259839 5.4767e+06 3.01013e+06 60654.3 3.18847e+07
322 2.34053e+07 8.23923e+06 259839 5.4767e+06 3.01013e+06 60658.5 3.19528e+07
323 2.3473e+07 8.23923e+06 259839 5.47669e+06 3.01013e+06 60662.6 3.20204e+07
324 2.35403e+07 8.23923e+06 259839 5.47669e+06 3.01013e+06 60666.7 3.20877e+07
325 2.36072e+07 8.23923e+06 259839 5.47669e+06 3.01013e+06 60670.8 3.21547e+07
326 2.36737e+07 8.23923e+06 259839 5.47668e+06 3.01013e+06 60674.8 3.22212e+07
327 2.37399e+07 8.23923e+06 259839 5.47668e+06 3.01013e+06 60678.8 3.22874e+07
328 2.38057e+07 8.23923e+06 259839 5.47668e+06 3.01012e+06 60682.7 3.23532e+07
329 2.38712e+07 8.23923e+06 259839 5.47667e+06 3.01012e+06 60686.7 3.24186e+07
330 2.39362e+07 8.23923e+06 259839 5.47667e+06 3.01012e+06 60690.5 3.24837e+07
331 2.40009e+07 8.23923e+06 259839 5.47667e+06 3.01012e+06 60694.4 3.25484e+07
332 2.40652e+07 8.23923e+06 259839 5.47666e+06 3.01012e+06 60698.2 3.26127e+07
333 2.41292e+07 8.23923e+06 259839 5.47666e+06 3.01012e+06 60702 3.26767e+07
334 2.41928e+07 8.23923e+06 259839 5.47666e+06 3.01012e+06 60705.8 3.27403e+07
335 2.4256e+07 8.23923e+06 259839 5.47665e+06 3.01012e+06 60709.5 3.28035e+07
336 2.43189e+07 8.23923e+06 259839 5.47665e+06 3.01012e+06 60713.2 3.28664e+07
337 2.43814e+07 8.23923e+06 259839 5.47665e+06 3.01012e+06 60716.9 3.29289e+07
338 2.44436e+07 8.23923e+06 259839 5.47664e+06 3.01012e+06 60720.5 3.29911e+07
339 2.45054e+07 8.23923e+06 259839 5.47664e+06 3.01012e+06 60724.1 3.30529e+07
340 2.45668e+07 8.23923e+06 259839 5.47664e+06 3.01012e+06 60727.7 3.31143e+07
341 2.46279e+07 8.23923e+06 259839 5.47663e+06 3.01012e+06 60731.3 3.31754e+07
342 2.46886e+07 8.23923e+06 259839 5.47663e+06 3.01012e+06 60734.8 3.32361e+07
343 2.4749e+07 8.23923e+06 259839 5.47663e+06 3.01012e+06 60738.3 3.32965e+07
344 2.48091e+07 8.23923e+06 259839 5.47663e+06 3.01012e+06 60741.8 3.33565e+07
345 2.48687e+07 8.23923e+06 259839 5.47662e+06 3.01012e+06 60745.2 3.34162e+07
346 2.49281e+07 8.23923e+06 259839 5.47662e+06 3.01012e+06 60748.6 3.34756e+07
347 2.49871e+07 8.23923e+06 259839 5.47662e+06 3.01012e+06 60752 3.35346e+07
348 2.50457e+07 8.23923e+06 259839 5.47661e+06 3.01012e+06 60755.4 3.35932e+07
349 2.5104e+07 8.23923e+06 259839 5.47661e+06 3.01012e+06 60758.7 3.36515e+07
350 2.5162e+07 8.23923e+06 259839 5.47661e+06 3.01011e+06 60762 3.37095e+07
351 2.52196e+07 8.23923e+06 259839 5.47661e+06 3.01011e+06 60765.3 3.37671e+07
352 2.52769e+07 8.23923e+06 259839 5.4766e+06 3.01011e+06 60768.5 3.38244e+07
353 2.53339e+07 8.23923e+06 259839 5.4766e+06 3.01011e+06 60771.7 3.38814e+07
354 2.53905e+07 8.23923e+06 259839 5.4766e+06 3.01011e+06 60774.9 3.3938e+07
355 2.54468e+07 8.23923e+06 259839 5.47659e+06 3.01011e+06 60778.1 3.39943e+07
356 2.55028e+07 8.23923e+06 259839 5.47659e+06 3.01011e+06 60781.2 3.40502e+07
357 2.55584e+07 8.23923e+06 259839 5.47659e+06 3.01011e+06 60784.4 3.41059e+07
358 2.56137e+07 8.23923e+06 259839 5.47659e+06 3.01011e+06 60787.4 3.41612e+07
359 2.56686e+07 8.23923e+06 259839 5.47658e+06 3.01011e+06 60790.5 3.42161e+07
360 2.57233e+07 8.23923e+06 259839 5.47658e+06 3.01011e+06 60793.6 3.42708e+07
361 2.57776e+07 8.23923e+06 259839 5.47658e+06 3.01011e+06 60796.6 3.43251e+07
362 2.58316e+07 8.23923e+06 259839 5.47658e+06 3.01011e+06 60799.6 3.43791e+07
363 2.58853e+07 8.23923e+06 259839 5.47657e+06 3.01011e+06 60802.5 3.44328e+07
364 2.59386e+07 8.23923e+06 259839 5.47657e+06 3.01011e+06 60805.5 3.44861e+07
365 2.59917e+07 8.23923e+06 259839 5.47657e+06 3.01011e+06 60808.4 3.45392e+07
366 2.60444e+07 8.23923e+06 259839 5.47656e+06 3.01011e+06 60811.3 3.45919e+07
367 2.60968e+07 8.23923e+06 259839 5.47656e+06 3.01011e+06 60814.2 3.46443e+07
368 2.61489e+07 8.23923e+06 259839 5.47656e+06 3.01011e+06 60817.1 3.46964e+07
369 2.62007e+07 8.23923e+06 259839 5.47656e+06 3.01011e+06 60819.9 3.47482e+07
370 2.62521e+07 8.23923e+06 259839 5.47655e+06 3.01011e+06 60822.7 3.47996e+07
371 2.63033e+07 8.23923e+06 259839 5.47655e+06 3.01011e+06 60825.5 3.48508e+07
372 2.63541e+07 8.23923e+06 259839 5.47655e+06 3.01011e+06 60828.3 3.49016e+07
373 2.64047e+07 8.23923e+06 259839 5.47655e+06 3.01011e+06 60831 3.49522e+07
374 2.64549e+07 8.23923e+06 259839 5.47655e+06 3.01011e+06 60833.7 3.50024e+07
375 2.65049e+07 8.23923e+06 259839 5.47654e+06 3.01011e+06 60836.4 3.50523e+07
376 2.65545e+07 8.23923e+06 259839 5.47654e+06 3.01011e+06 60839.1 3.5102e+07
377 2.66038e+07 8.23923e+06 259839 5.47654e+06 3.0101e+06 60841.8 3.51513e+07
378 2.66529e+07 8.23923e+06 259839 5.47654e+06 3.0101e+06 60844.4 3.52003e+07
379 2.67016e+07 8.23923e+06 259839 5.47653e+06 3.0101e+06 60847 3.52491e+07
380 2.675e+07 8.23923e+06 259839 5.47653e+06 3.0101e+06 60849.6 3.52975e+07
381 2.67982e+07 8.23923e+06 259839 5.47653e+06 3.0101e+06 60852.2 3.53457e+07
382 2.6846e+07 8.23923e+06 259839 5.47653e+06 3.0101e+06 60854.7 3.53935e+07
383 2.68936e+07 8.23923e+06 259839 5.47652e+06 3.0101e+06 60857.3 3.54411e+07
384 2.69408e+07 8.23923e+06 259839 5.47652e+06 3.0101e+06 60859.8 3.54883e+07
385 2.69878e+07 8.23923e+06 259839 5.47652e+06 3.0101e+06 60862.3 3.55353e+07
386 2.70345e+07 8.23923e+06 259839 5.47652e+06 3.0101e+06 60864.8 3.5582e+07
387 2.70809e+07 8.23923e+06 259839 5.47652e+06 3.0101e+06 60867.2 3.56284e+07
388 2.7127e+07 8.23923e+06 259839 5.47651e+06 3.0101e+06 60869.7 3.56745e+07
389 2.71729e+07 8.23923e+06 259839 5.47651e+06 3.0101e+06 60872.1 3.57204e+07
390 2.72184e+07 8.23923e+06 259839 5.47651e+06 3.0101e+06 60874.5 3.57659e+07
391 2.72637e+07 8.23923e+06 259839 5.47651e+06 3.0101e+06 60876.9 3.58112e+07
392 2.73087e+07 8.23923e+06 259839 5.47651e+06 3.0101e+06 60879.2 3.58562e+07
393 2.73534e+07 8.23923e+06 259839 5.4765e+06 3.0101e+06 60881.6 3.59009e+07
394 2.73979e+07 8.23923e+06 259839 5.4765e+06 3.0101e+06 60883.9 3.59454e+07
395 2.74421e+07 8.23923e+06 259839 5.4765e+06 3.0101e+06 60886.2 3.59895e+07
396 2.7486e+07 8.23923e+06 259839 5.4765e+06 3.0101e+06 60888.5 3.60334e+07
397 2.75296e+07 8.23923e+06 259839 5.4765e+06 3.0101e+06 60890.8 3.60771e+07
398 2.75729e+07 8.23923e+06 259839 5.47649e+06 3.0101e+06 60893 3.61204e+07
399 2.7616e+07 8.23923e+06 259839 5.47649e+06 3.0101e+06 60895.3 3.61635e+07
400 2.76588e+07 8.23923e+06 259839 5.47649e+06 3.0101e+06 60897.5 3.62063e+07
401 2.77014e+07 8.23923e+06 259839 5.47649e+06 3.0101e+06 60899.7 3.62489e+07
402 2.77437e+07 8.23923e+06 259839 5.47649e+06 3.0101e+06 60901.9 3.62912e+07
403 2.77857e+07 8.23923e+06 259839 5.47648e+06 3.0101e+06 60904 3.63332e+07
404 2.78275e+07 8.23923e+06 259839 5.47648e+06 3.0101e+06 60906.2 3.6375e+07
405 2.7869e+07 8.23923e+06 259839 5.47648e+06 3.0101e+06 60908.3 3.64165e+07
406 2.79102e+07 8.23923e+06 259839 5.47648e+06 3.0101e+06 60910.4 3.64577e+07
407 2.79512e+07 8.23923e+06 259839 5.47648e+06 3.0101e+06 60912.5 3.64987e+07
408 2.79919e+07 8.23923e+06 259839 5.47647e+06 3.0101e+06 60914.6 3.65394e+07
409 2.80324e+07 8.23923e+06 259839 5.47647e+06 3.0101e+06 60916.7 3.65799e+07
410 2.80726e+07 8.23923e+06 259839 5.47647e+06 3.01009e+06 60918.8 3.66201e+07
411 2.81126e+07 8.23923e+06 259839 5.47647e+06 3.01009e+06 60920.8 3.66601e+07
412 2.81523e+07 8.23923e+06 259839 5.47647e+06 3.01009e+06 60922.8 3.66998e+07
413 2.81918e+07 8.23923e+06 259839 5.47647e+06 3.01009e+06 60924.8 3.67393e+07
414 2.8231e+07 8.23923e+06 259839 5.47646e+06 3.01009e+06 60926.8 3.67785e+07
415 2.827e+07 8.23923e+06 259839 5.47646e+06 3.01009e+06 60928.8 3.68175e+07
416 2.83087e+07 8.23923e+06 259839 5.47646e+06 3.01009e+06 60930.8 3.68562e+07
417 2.83472e+07 8.23923e+06 259839 5.47646e+06 3.01009e+06 60932.7 3.68947e+07
418 2.83855e+07 8.23923e+06 259839 5.47646e+06 3.01009e+06 60934.6 3.69329e+07
419 2.84235e+07 8.23923e+06 259839 5.47646e+06 3.01009e+06 60936.6 3.69709e+07
420 2.84612e+07 8.23923e+06 259839 5.47645e+06 3.01009e+06 60938.5 3.70087e+07
421 2.84987e+07 8.23923e+06 259839 5.47645e+06 3.01009e+06 60940.3 3.70462e+07
422 2.8536e+07 8.23923e+06 259839 5.47645e+06 3.01009e+06 60942.2 3.70835e+07
423 2.85731e+07 8.23923e+06 259839 5.47645e+06 3.01009e+06 60944.1 3.71206e+07
424 2.86099e+07 8.23923e+06 259839 5.47645e+06 3.01009e+06 60945.9 3.71574e+07
425 2.86465e+07 8.23923e+06 259839 5.47645e+06 3.01009e+06 60947.8 3.7194e+07
426 2.86828e+07 8.23923e+06 259839 5.47644e+06 3.01009e+06 60949.6 3.72303e+07
427 2.8719e+07 8.23923e+06 259839 5.47644e+06 3.01009e+06 60951.4 3.72664e+07
428 2.87548e+07 8.23923e+06 259839 5.47644e+06 3.01009e+06 60953.2 3.73023e+07
429 2.87905e+07 8.23923e+06 259839 5.47644e+06 3.01009e+06 60954.9 3.7338e+07
430 2.88259e+07 8.23923e+06 259839 5.47644e+06 3.01009e+06 60956.7 3.73734e+07
431 2.88612e+07 8.23923e+06 259839 5.47644e+06 3.01009e+06 60958.5 3.74086e+07
432 2.88961e+07 8.23923e+06 259839 5.47643e+06 3.01009e+06 60960.2 3.74436e+07
433 2.89309e+07 8.23923e+06 259839 5.47643e+06 3.01009e+06 60961.9 3.74784e+07
434 2.89654e+07 8.23923e+06 259839 5.47643e+06 3.01009e+06 60963.6 3.75129e+07
435 2.89998e+07 8.23923e+06 259839 5.47643e+06 3.01009e+06 60965.3 3.75472e+07
436 2.90339e+07 8.23923e+06 259839 5.47643e+06 3.01009e+06 60967 3.75813e+07
437 2.90677e+07 8.23923e+06 259839 5.47643e+06 3.01009e+06 60968.7 3.76152e+07
438 2.91014e+07 8.23923e+06 259839 5.47643e+06 3.01009e+06 60970.3 3.76489e+07
439 2.91349e+07 8.23923e+06 259839 5.47642e+06 3.01009e+06 60972 3.76823e+07
440 2.91681e+07 8.23923e+06 259839 5.47642e+06 3.01009e+06 60973.6 3.77156e+07
441 2.92011e+07 8.23923e+06 259839 5.47642e+06 3.01009e+06 60975.3 3.77486e+07
442 2.92339e+07 8.23923e+06 259839 5.47642e+06 3.01009e+06 60976.9 3.77814e+07
443 2.92665e+07 8.23923e+06 259839 5.47642e+06 3.01009e+06 60978.5 3.7814e+07
444 2.92989e+07 8.23923e+06 259839 5.47642e+06 3.01009e+06 60980 3.78464e+07
445 2.93311e+07 8.23923e+06 259839 5.47642e+06 3.01009e+06 60981.6 3.78786e+07
446 2.93631e+07 8.23923e+06 259839 5.47641e+06 3.01009e+06 60983.2 3.79106e+07
447 2.93948e+07 8.23923e+06 259839 5.47641e+06 3.01009e+06 60984.7 3.79423e+07
448 2.94264e+07 8.23923e+06 259839 5.47641e+06 3.01009e+06 60986.3 3.79739e+07
449 2.94578e+07 8.23923e+06 259839 5.47641e+06 3.01009e+06 60987.8 3.80053e+07
450 2.94889e+07 8.23923e+06 259839 5.47641e+06 3.01009e+06 60989.3 3.80364e+07
451 2.95199e+07 8.23923e+06 259839 5.47641e+06 3.01009e+06 60990.8 3.80674e+07
452 2.95506e+07 8.23923e+06 259839 5.47641e+06 3.01009e+06 60992.3 3.80981e+07
453 2.95812e+07 8.23923e+06 259839 5.47641e+06 3.01009e+06 60993.8 3.81287e+07
454 2.96116e+07 8.23923e+06 259839 5.4764e+06 3.01009e+06 60995.3 3.81591e+07
455 2.96417e+07 8.23923e+06 259839 5.4764e+06 3.01008e+06 60996.7 3.81892e+07
456 2.96717e+07 8.23923e+06 259839 5.4764e+06 3.01008e+06 60998.2 3.82192e+07
457 2.97015e+07 8.23923e+06 259839 5.4764e+06 3.01008e+06 60999.6 3.8249e+07
458 2.97311e+07 8.23923e+06 259839 5.4764e+06 3.01008e+06 61001 3.82785e+07
459 2.97605e+07 8.23923e+06 259839 5.4764e+06 3.01008e+06 61002.5 3.83079e+07
460 2.97897e+07 8.23923e+06 259839 5.4764e+06 3.01008e+06 61003.9 3.83371e+07
461 2.98187e+07 8.23923e+06 259839 5.4764e+06 3.01008e+06 61005.3 3.83662e+07
462 2.98475e+07 8.23923e+06 259839 5.47639e+06 3.01008e+06 61006.6 3.8395e+07
463 2.98761e+07 8.23923e+06 259839 5.47639e+06 3.01008e+06 61008 3.84236e+07
464 2.99046e+07 8.23923e+06 259839 5.47639e+06 3.01008e+06 61009.4 3.84521e+07
465 2.99328e+07 8.23923e+06 259839 5.47639e+06 3.01008e+06 61010.7 3.84803e+07
466 2.99609e+07 8.23923e+06 259839 5.47639e+06 3.01008e+06 61012.1 3.85084e+07
467 2.99888e+07 8.23923e+06 259839 5.47639e+06 3.01008e+06 61013.4 3.85363e+07
468 3.00165e+07 8.23923e+06 259839 5.47639e+06 3.01008e+06 61014.7 3.8564e+07
469 3.00441e+07 8.23923e+06 259839 5.47639e+06 3.01008e+06 61016 3.85915e+07
470 3.00714e+07 8.23923e+06 259839 5.47639e+06 3.01008e+06 61017.4 3.86189e+07
471 3.00986e+07 8.23923e+06 259839 5.47638e+06 3.01008e+06 61018.6 3.86461e+07
472 3.01256e+07 8.23923e+06 259839 5.47638e+06 3.01008e+06 61019.9 3.86731e+07
473 3.01524e+07 8.23923e+06 259839 5.47638e+06 3.01008e+06 61021.2 3.86999e+07
474 3.01791e+07 8.23923e+06 259839 5.47638e+06 3.01008e+06 61022.5 3.87265e+07
475 3.02055e+07 8.23923e+06 259839 5.47638e+06 3.01008e+06 61023.7 3.8753e+07
476 3.02318e+07 8.23923e+06 259839 5.47638e+06 3.01008e+06 61025 3.87793e+07
477 3.0258e+07 8.23923e+06 259839 5.47638e+06 3.01008e+06 61026.2 3.88054e+07
478 3.02839e+07 8.23923e+06 259839 5.47638e+06 3.01008e+06 61027.4 3.88314e+07
479 3.03097e+07 8.23923e+06 259839 5.47638e+06 3.01008e+06 61028.7 3.88572e+07
480 3.03353e+07 8.23923e+06 259839 5.47637e+06 3.01008e+06 61029.9 3.88828e+07
481 3.03608e+07 8.23923e+06 259839 5.47637e+06 3.01008e+06 61031.1 3.89083e+07
482 3.03861e+07 8.23923e+06 259839 5.47637e+06 3.01008e+06 61032.3 3.89335e+07
483 3.04112e+07 8.23923e+06 259839 5.47637e+06 3.01008e+06 61033.5 3.89587e+07
484 3.04361e+07 8.23923e+06 259839 5.47637e+06 3.01008e+06 61034.6 3.89836e+07
485 3.04609e+07 8.23923e+06 259839 5.47637e+06 3.01008e+06 61035.8 3.90084e+07
486 3.04855e+07 8.23923e+06 259839 5.47637e+06 3.01008e+06 61037 3.9033e+07
487 3.051e+07 8.23923e+06 259839 5.47637e+06 3.01008e+06 61038.1 3.90575e+07
488 3.05343e+07 8.23923e+06 259839 5.47637e+06 3.01008e+06 61039.3 3.90818e+07
489 3.05584e+07 8.23923e+06 259839 5.47637e+06 3.01008e+06 61040.4 3.91059e+07
490 3.05824e+07 8.23923e+06 259839 5.47636e+06 3.01008e+06 61041.5 3.91299e+07
491 3.06062e+07 8.23923e+06 259839 5.47636e+06 3.01008e+06 61042.6 3.91537e+07
492 3.06299e+07 8.23923e+06 259839 5.47636e+06 3.01008e+06 61043.7 3.91774e+07
493 3.06534e+07 8.23923e+06 259839 5.47636e+06 3.01008e+06 61044.8 3.92009e+07
494 3.06768e+07 8.23923e+06 259839 5.47636e+06 3.01008e+06 61045.9 3.92243e+07
495 3.07e+07 8.23923e+06 259839 5.47636e+06 3.01008e+06 61047 3.92475e+07
496 3.0723e+07 8.23923e+06 259839 5.47636e+06 3.01008e+06 61048.1 3.92705e+07
497 3.07459e+07 8.23923e+06 259839 5.47636e+06 3.01008e+06 61049.2 3.92934e+07
498 3.07687e+07 8.23923e+06 259839 5.47636e+06 3.01008e+06 61050.2 3.93161e+07
499 3.07912e+07 8.23923e+06 259839 5.47636e+06 3.01008e+06 61051.3 3.93387e+07
