COMPANIES
----------------------------------------------------------
Number of companies: 6

Name: johansson och johansson
Capital: 0
Stock: 3030
Employees: 140

Name: benny enterprises
Capital: 0
Stock: 5961
Employees: 144

Name: limpan AB
Capital: 0
Stock: 14291
Employees: 207

Name: benny inc.
Capital: 0
Stock: 0
Employees: 58

Name: bempa co
Capital: 0
Stock: 0
Employees: 87

Name: bempa AB
Capital: 0
Stock: 0
Employees: 65


Bennyland
Bennyland
-----------------------------------------------------
 Time           GDP       Growth         Demand          Wages      Price out       Employed   Consumer_capital    Company_capitalInvested capital
       399         51325     0.025956           1485        72.6204        6.07842            701             572227            68964.2         141518         228902
       398       50026.5    0.0440844           1485        73.7263        6.41535            703             568981            69831.3         132926         234758
       397       47914.2    0.0621444           1485         74.849        6.68773            708             564426            72152.6         137660         224836
       396       45110.9    0.0360884           1485        75.9888        6.92721            725             560510            69968.1         135752         222447
       395       43539.6    0.0513574           1485         77.146        7.36185            730             558758            69019.8         130651         225460
       394       41412.7    0.0468646           1485        78.3209        7.70056            740             554675            74373.4         131988         215574
       393       39558.8    0.0369092           1485        79.5136        8.19463            746             553266            71216.5         130098         214633
       392       38150.7   0.00752997           1485        80.7244        8.64446            746             549926            79115.4         128318         204860
       391       37865.6    0.0692048           1485        81.9537        8.87577            687             535998            97722.1         126648         195502
       390       35414.7    0.0172273           1485        83.2018        8.01299            683             513636             122423         125051         186825
       389         34815    0.0611791           1485        84.4688        8.35398            688             511043            64710.9         118209         249244
       388       32807.8    0.0191896           1485        85.7551        8.54508            695             504800            65821.4         121938         241131
       387       32190.1     0.067338           1485         87.061        8.91735            692             501660            63826.9         116050         247509
       386       30159.2     0.019437           1485        88.3868         9.0546            695             494592              66738         118905         239547
       385       29584.2    0.0598984           1485        89.7328        9.45269            697             491928            61506.9         111494         250055
       384       27912.3    0.0262933           1485        91.0993        9.80847            701             487902            59446.3         115956         242254
       383       27197.2    0.0417888           1485        92.4866        10.2908            705             486307            61504.8         110698         242541
       382       26106.2    0.0279548           1485         93.895        10.6824            710             482908            63510.2         113095         234840
       381       25396.3    0.0524854           1485        95.3249        11.1206            710             480547            62702.5         111662         232651
       380       24129.8    0.0266215           1485        96.7766        11.1838            719             473963            69532.2         110339         225151
       379       23504.1    0.0542268           1485        98.2503         11.716            720             472835              60204         106463         235203
       378       22295.1    0.0316417           1485        99.7465        12.0535            723             468613              61937         107686         227892
       377       21611.3    0.0409936           1485        101.265        12.6778            731             468844            59082.8         103920         230078
       376       20760.3    0.0373591           1485        102.808        13.2997            734             467922            59844.8         105108         222869
       375       20012.6    0.0378747           1485        104.373        13.9525            736             467681            61366.1         103834         216670
       374       19282.3     0.036068           1485        105.963        14.5308            742             466688            64946.7         102587         209483
       373         18611    0.0362357           1485        107.576        15.2213            749             467515            63942.9         101344         205003
       372       17960.2     0.034173           1485        109.215        15.9205            756             467425            66833.3         100124         197836
       371       17366.8     0.032694           1485        110.878        16.6584            762             468142            68326.8        98900.7         191292
       370       16816.9    0.0303157           1485        112.566        17.4062            767             468407            71154.1        97718.2         184119
       369       16322.1    0.0316236           1485         114.28        18.1507            775             469785            72934.9        96525.6         176941
       368       15821.8    0.0278587           1485        116.021        18.9518            779             470027            76122.9        95365.4         169760
       367         15393    0.0291241           1485        117.787         19.722            790             471649              77997        94211.9         162559
       366       14957.3    0.0263353           1485        119.581        20.5393            793             472036            81380.6          93084         155345
       365       14573.5    0.0251131           1485        121.402         21.355            800             473059            84084.6        91954.7         148224
       364       14216.5    0.0218558           1485        123.251        22.1891            806             473804            87440.8          90798         140859
       363       13912.5    0.0227558           1485        125.128        22.9708            820             474811            90686.5        89700.9         133552
       362       13602.9    0.0242324           1485        127.033         23.814            832             476324            93528.9        88587.9         126254
       361       13281.1    0.0234107           1485        128.968        24.7388            839             477212            97229.1        87476.2         118819
       360       12977.3    0.0200216           1485        130.932        25.6746            849             478154             101291        86395.1         111219
       359       12722.5    0.0219002           1485        132.926        26.5875            852             478400             106039        85319.2         103713
       358       12449.9    0.0201052           1485         134.95        27.1889            861             477547             112303        84258.3        96100.1
       357       12204.5    0.0209708           1485        137.005         28.148            872             479451             109532        83205.6        94699.4
       356       11953.8    0.0200474           1485        139.092        29.1762            876             480530             113964        82160.1        87026.5
       355       11718.9    0.0185366           1485         141.21        30.2157            880             481537             118790        81129.2          79265
       354       11505.6   0.00829456           1485         143.36        31.2702            880             482263             124014        80082.9        71556.3
       353         11411    0.0214397           1485        145.543        32.0727            847             475748             136622        79123.3        63968.7
       352       11171.5    0.0170779           1485        144.699        29.8625            847             461562             157069        78209.8        56744.7
       351       10983.9     0.020029           1485        146.903        30.7805            853             463244             110869          77259          99027
       350       10768.2    0.0189744           1485         149.14        31.5528            853             462738             116310        76389.3        92092.9
:  349       10567.7    0.0159389           1485        151.411        32.5734            853             464116             116247        75505.2        88770.7
       348       10401.9    0.0184168           1485        153.717        33.5445            853             465456             119954        74602.9        81843.9
       347       10213.8     0.017754           1485        156.058        34.1522            853             464624             126082        73734.5        74919.7
       346       10035.6     0.016876           1485        158.434        35.2068            853             466553             123046          72878        74264.1
       345       9869.06    0.0143426           1485        160.847        36.2889            853             468311             126507        71997.2        67557.8
       344       9729.52    0.0165933           1485        163.296        37.3331            853             470370             129986        71156.8        60602.1
       343       9570.71    0.0154069           1485        165.783        37.9988            853             470049             136130        70335.7        53589.5
       342       9425.49    0.0122356           1485        168.308        39.1364            853             470910             134967        69506.2        52648.5
       341       9311.56   -0.0013679           1485        168.849        40.1973            854             471057             140835        68697.1        45578.7
       340       9324.31    0.0160197           1485        166.353        40.7983            853             468514             149345        67888.4        38674.5
       339       9177.29    0.0149347           1485        163.895        38.2678            853             454593             169822        67121.7        31733.6
       338       9042.25    0.0129411           1485        166.391         39.312            853             456145             128185        66358.6        70265.7
       337       8926.73    0.0102803           1485        168.925        40.3276            855             457350             131875        65653.4          63888
       336       8835.89    0.0124587           1485        170.811        41.2718            869             460862             133703        64879.3          57288
       335       8727.16    0.0131369           1485        173.412        42.3628            872             463129             137081        64137.3        50445.6
       334          8614    0.0129945           1485        176.053        43.5057            873             465447             140728        63431.3        43444.6
       333        8503.5    0.0103726           1485        178.734        44.6989            873             467795             144377        62712.6        36520.3
       332       8416.21   0.00450048           1485        180.945          45.81            876             469774             148771        61980.9        29457.2
       331        8378.5    0.0121176           1485        178.271        46.7396            869             468058             156791        61275.6        22577.6
       330       8278.19    0.0115477           1485        175.636         44.703            871             457890             173729        60617.3        15661.7
       329       8183.68    0.0117942           1485        178.311        45.8281            873             460273             141640        59943.2        44323.3
       328       8088.29     0.010747           1485        181.026        46.9829            874             462111             145818        59292.5        37441.9
       327       8002.29   0.00921208           1485        183.783        48.1514            876             464325             149631        58648.5        30679.4
       326       7929.24   0.00747645           1485        183.438        49.2893            881             466654             153644        58013.5        23731.8
       325        7870.4    0.0104596           1485        180.727        50.4161            881             467507             159414        57373.5        16650.2
       324       7788.93   0.00260964           1485        178.056        50.3974            881             463466             170494        56747.5        9408.73
       323       7768.66    0.0112027           1485        175.425        51.3239            881             462309             165138          56097          15554
       322       7682.59   0.00827664           1485        172.832        49.7177            881             452854             181667        55534.7        8418.17
       321       7619.53    0.0093343           1485        170.278        50.8226            884             454869             156502        54939.3        30798.7
       320       7549.06   0.00368385           1485        167.762        51.7786            885             455213             162555        54367.5        23812.8
       319       7521.36   0.00989647           1485        165.283        52.7425            884             453094             168672        53797.4        19289.1
       318       7447.65    0.0012225           1485         162.84        51.2914            884             444082             184313        53240.5        12522.2
       317       7438.56     0.010758           1485        160.434         52.119            881             441084             166614        52692.3        32445.5
       316       7359.38    0.0063977           1485        158.063        49.4991            881             429507             184451        52221.5        25778.9
       315        7312.6   0.00980894           1485        155.727        50.4465            881             430464             151354        51707.6        56564.7
       314       7241.57   0.00800493           1485        153.425        50.1362            882             425687             161557        51239.2        50034.5
       313       7184.06   0.00107354           1485        151.158        51.1756            884             425694             153068        50766.2          57106
       312       7176.36    0.0117783           1485        148.924        51.9536            877             422015             162164        50291.1        50516.1
       311       7092.82   0.00735928           1485        146.723        48.7239            874             408985             180827        49893.3          44120
       310          7041   0.00653729           1485        146.719        49.5862            880             410640             142062        49437.4          79454
       309       6995.27   0.00503493           1485        144.551        50.4477            885             411365             145740        49035.2        73341.5
       308       6960.22   0.00926165           1485        142.415        51.2266            887             411275             150366        48665.2        67211.9
       307       6896.35   0.00566741           1485         140.31        50.8539            888             407254             158752        48260.3        61537.9
       306       6857.49    0.0053052           1485        138.236        51.7399            897             407713             149769        47911.1        68355.1
       305        6821.3    0.0101223           1485        136.193        52.6841            881             402871             159310        47521.1        62227.6
       304       6752.94   0.00747671           1485        134.181        49.3889            881             391124             176006        47215.8        56259.3
       303       6702.83    0.0103015           1485         134.36        50.2346            879             391749             140226        46868.9        89350.4
       302       6634.48   0.00842535           1485        132.375        50.0176            878             388381             147381        46566.4        83748.5
       301       6579.05   0.00791189           1485        132.214        50.9252            881             388988             139759          46291        88683.5
       300       6527.41   0.00901921           1485         130.26        51.8898            860             383910             148693        46026.2          82945
       299       6469.06  0.000669345           1485        128.335        49.8492            860             375501             161163        45761.5        77375.1
       298       6464.74    0.0104309           1485        126.438        50.3837            860             373420             140885        45496.5        97558.4
       297          6398    0.0076167           1485         124.57        48.1454            859             364701             153284        45256.6        92133.7
   296       6349.64   0.00913481           1485        126.467        48.8964            859             365682             128101        45082.5         113761
       295       6292.16   0.00642584           1485        126.646        48.9897            860             364457             132270        44874.6         108489
       294       6251.98   0.00956451           1485         125.57        49.6718            873             366788             126837        44654.9         109168
       293       6192.75   0.00965584           1485        127.482        50.5157            873             368483             128056        44504.3         103914
       292       6133.53    0.0102587           1485        129.424        51.3699            873             370687             128903        44332.2        98668.8
       291       6071.25   0.00898521           1485        131.394        52.3331            871             372288             130210        44221.5        93646.9
       290       6017.18   0.00898359           1485        133.395        53.2583            872             374270             131698        44097.9        88145.1
       289       5963.61   0.00872575           1485        135.427        54.2127            872             376051             133613        43966.5        82620.6
       288       5912.02   0.00909931           1485        137.489        55.1769            873             378380             135079        43865.6        77063.5
       287       5858.71   0.00871604           1485        139.583        56.2007            873             381098             136288        43780.4        71460.1
       286       5808.09   0.00867305           1485        141.708        57.2083            873             383132             138404        43707.2        65787.8
       285       5758.15   0.00886014           1485        143.866        58.2636            873             385739             139940        43639.4        60253.9
       284       5707.58   0.00797759           1485        146.057        59.3348            873             388040             142004        43611.1        54623.7
       283        5662.4   0.00305621           1485        148.282        60.4691            873             390267             144063        43598.3        49172.8
       282       5645.15   0.00773148           1485         146.09        61.3266            872             389901             149326        43603.2        43213.8
       281       5601.84   0.00933892           1485        143.931        59.6973            875             384481             159704          43579        37598.3
       280       5550.01   0.00908275           1485        146.123        60.8359            874             387030             141452        43619.3        52081.8
       279       5500.05   0.00799407           1485        148.348        62.0084            873             389459             143593        43653.9        46463.2
       278       5456.43    0.0068477           1485        149.474        63.1808            874             392481             145358        43721.1        40704.3
       277       5419.32   0.00262377           1485        149.071        64.3221            876             394991             148036        43803.4        34722.8
       276       5405.14   0.00866212           1485        146.868        65.2877            876             394716             153439        43938.6        28841.3
       275       5358.72   0.00624021           1485        144.697        63.5646            876             388584             165267        44050.3        22787.8
       274       5325.49   0.00664297           1485         142.61         64.648            881             390456             147004        44219.3          38249
       273       5290.35  0.000989301           1485        140.502         65.762            883             390211             152459        44389.4        32290.4
       272       5285.12   0.00911238           1485        138.426        66.6714            876             387927             159565        44603.2        26745.4
       271       5237.39   0.00745543           1485         136.38         62.624            876             378173             175040        44776.1          20855
       270       5198.64   0.00746618           1485        136.262        63.6884            880             380706             140024        45027.7        52123.1
       269       5160.11   0.00511422           1485        134.248        64.8188            882             381537             143792        45308.3        46462.3
       268       5133.85    0.0121821           1485        132.264        65.8595            863             377550             152524        45640.6        40707.1
       267       5072.07   0.00934598           1485         130.31        61.6843            856             366914             167907        45954.8        35423.1
       266        5025.1   0.00994418           1485        132.294        62.8017            856             369720             131678        46284.9        67342.6
       265       4975.62   0.00926482           1485        134.309        63.8357            856             372982             132557        46663.9        61753.9
       264       4929.95   0.00938543           1485        136.354        65.0179            856             375802             133244        47007.9          57021
       263       4884.11   0.00978816           1485         138.43        66.1787            856             378894             134661        47450.1        51325.8
       262       4836.77   0.00971174           1485        140.539        67.3668            856             382156             135676        47897.8        45968.1
       261       4790.24   0.00956803           1485        142.679        68.6599            856             385359             136751        48336.6        40746.8
       260       4744.85   0.00929454           1485        144.852        70.0151            856             388455             138626        48800.5        35003.4
       259       4701.15    0.0073281           1485        147.057        71.3814            856             391817             140468        49324.5        29093.8
       258       4666.95   0.00940029           1485        149.297        72.5762            856             394526             143076        49859.9        23248.7
       257       4623.49   0.00523512           1485         147.09        72.7799            856             394216             148329        50436.5        17951.6
       256       4599.41    0.0106805           1485        146.129        73.9177            856             395809             144410        51077.1        19712.9
       255        4550.8    0.0105672           1485        143.969        72.9516            856             393608             152183        51649.7        13997.1
       254       4503.22    0.0102979           1485        146.161        74.4662            856             397120             138874        52349.7        23201.5
       253       4457.32     0.198559           1485        147.631        75.9635            856             400910             140773        53022.6        17150.3
       252        3718.9            0           1485        148.992        77.4022            856             404642            89095.6        53794.6          11395
       251        3718.9            0           1485        150.557        78.2151            856             409577             143846              0        5728.28
       250        3718.9            0           1485        150.746        78.3132            856             415121             144027              0              0
       249        3718.9            0           1485        150.935        78.4115            856             414937             144207              0              0
       248        3718.9            0           1485        151.124        78.5098            856             414752             144388              0              0
       247        3718.9            0           1485        151.314        78.6083            856             414568             144569              0              0
       246        3718.9            0           1485        151.503        78.7069            856             414383             144751              0              0
       245        3718.9            0           1485        151.693        78.8056            856             414197             144932              0              0
       244        3718.9            0           1485        151.884        78.9045            856             414012             145114              0              0
       243        3718.9            0           1485        152.074        79.0034            856             413826             145296              0              0
242        3718.9            0           1485        152.265        79.1025            856             413640             145478              0              0
       241        3718.9            0           1485        152.456        79.2018            856             413454             145661              0              0
       240        3718.9            0           1485        152.647        79.3011            856             413268             145843              0              0
       239        3718.9            0           1485        152.839        79.4006            856             413081             146026              0              0
       238        3718.9            0           1485         153.03        79.5002            856             412894             146209              0              0
       237        3718.9            0           1485        153.222        79.5999            856             412707             146393              0              0
       236        3718.9            0           1485        153.414        79.6997            856             412520             146576              0              0
       235        3718.9            0           1485        153.607        79.7997            856             412333             146760              0              0
       234        3718.9            0           1485          153.8        79.8998            856             412145             146944              0              0
       233        3718.9            0           1485        153.992             80            856             411957             147129              0              0
       232        3718.9            0           1485        154.186        80.1004            856             411769             147313              0              0
       231        3718.9            0           1485        154.379        80.2008            856             411580             147498              0              0
       230        3718.9            0           1485        154.573        80.3014            856             411391             147683              0              0
       229        3718.9            0           1485        154.767        80.4022            856             411202             147868              0              0
       228        3718.9            0           1485        154.961         80.503            856             411013             148054              0              0
       227        3718.9            0           1485        155.155         80.604            856             410824             148240              0              0
       226        3718.9            0           1485         155.35        80.7051            856             410634             148425              0              0
       225        3718.9            0           1485        155.545        80.8063            856             410444             148612              0              0
       224        3718.9            0           1485         155.74        80.9077            856             410254             148798              0              0
       223        3718.9            0           1485        155.935        81.0092            856             410064             148985              0              0
       222        3718.9            0           1485        156.131        81.1108            856             409873             149172              0              0
       221        3718.9            0           1485        156.326        81.2125            856             409682             149359              0              0
       220        3718.9            0           1485        156.523        81.3144            856             409491             149546              0              0
       219        3718.9            0           1485        156.719        81.4164            856             409300             149734              0              0
       218        3718.9            0           1485        156.915        81.5185            856             409108             149921              0              0
       217        3718.9            0           1485        157.112        81.6208            856             408916             150109              0              0
       216        3718.9            0           1485        157.309        81.7232            856             408724             150298              0              0
       215        3718.9            0           1485        157.507        81.8257            856             408532             150486              0              0
       214        3718.9            0           1485        157.704        81.9283            856             408339             150675              0              0
       213        3718.9            0           1485        157.902        82.0311            856             408147             150864              0              0
       212        3718.9            0           1485          158.1         82.134            856             407954             151053              0              0
       211        3718.9            0           1485        158.298         82.237            856             407760             151243              0              0
       210        3718.9            0           1485        158.497        82.3401            856             407567             151432              0              0
       209        3718.9            0           1485        158.696        82.4434            856             407373             151622              0              0
       208        3718.9            0           1485        158.895        82.5468            856             407179             151813              0              0
       207        3718.9            0           1485        159.094        82.6504            856             406985             152003              0              0
       206        3718.9            0           1485        159.294        82.7541            856             406790             152194              0              0
       205        3718.9            0           1485        159.494        82.8579            856             406596             152385              0              0
       204        3718.9            0           1485        159.694        82.9618            856             406401             152576              0              0
       203        3718.9            0           1485        159.894        83.0659            856             406206             152767              0              0
       202        3718.9            0           1485        160.094          83.17            856             406010             152959              0              0
       201        3718.9            0           1485        160.295        83.2744            856             405814             153151              0              0
       200        3718.9            0           1485        160.496        83.3788            856             405618             153343              0              0
       199        3718.9            0           1485        160.698        83.4834            856             405422             153535              0              0
       198        3718.9            0           1485        160.899        83.5881            856             405226             153728              0              0
       197        3718.9            0           1485        161.101         83.693            856             405029             153921              0              0
       196        3718.9            0           1485        161.303         83.798            856             404832             154114              0              0
       195        3718.9            0           1485        161.506        83.9031            856             404635             154307              0              0
       194        3718.9            0           1485        161.708        84.0083            856             404438             154500              0              0
       193        3718.9            0           1485        161.911        84.1137            856             404240             154694              0              0
       192        3718.9            0           1485        162.114        84.2192            856             404042             154888              0              0
       191        3718.9            0           1485        162.317        84.3249            856             403844             155083              0              0
       190        3718.9            0           1485        162.521        84.4306            856             403645             155277              0              0
       189        3718.9            0           1485        162.725        84.5365            856             403447             155472              0              0
 188        3718.9            0           1485        162.929        84.6426            856             403248             155667              0              0
       187        3718.9            0           1485        163.133        84.7487            856             403049             155862              0              0
       186        3718.9            0           1485        163.338        84.8551            856             402849             156058              0              0
       185        3718.9            0           1485        163.543        84.9615            856             402649             156253              0              0
       184        3718.9            0           1485        163.748        85.0681            856             402450             156449              0              0
       183        3718.9            0           1485        163.953        85.1748            856             402249             156646              0              0
       182        3718.9            0           1485        164.159        85.2816            856             402049             156842              0              0
       181        3718.9            0           1485        164.365        85.3886            856             401848             157039              0              0
       180        3718.9            0           1485        164.571        85.4957            856             401647             157236              0              0
       179        3718.9            0           1485        164.778         85.603            856             401446             157433              0              0
       178        3718.9            0           1485        164.984        85.7104            856             401245             157631              0              0
       177        3718.9            0           1485        165.191        85.8179            856             401043             157828              0              0
       176        3718.9            0           1485        165.399        85.9256            856             400841             158027              0              0
       175        3718.9            0           1485        165.606        86.0335            856             400639             158225              0              0
       174        3718.9            0           1485        165.815        86.1416            856             400436             158424              0              0
       173        3718.9            0           1485        166.023        86.2501            856             400232             158623              0              0
       172        3718.9            0           1485        166.233        86.3591            856             400028             158824              0              0
       171        3718.9            0           1485        166.444        86.4689            856             399823             159026              0              0
       170        3718.9            0           1485        166.659        86.5802            856             399615             159230              0              0
       169        3718.9            0           1485        166.878         86.694            856             399404             159440              0              0
       168        3718.9            0           1485        167.106        86.8126            856             399308             159540              0              0
       167        3718.9   0.00168499           1485        168.544        86.9512            856             400025             158882              0              0
       166       3712.64   0.00192055           1485         171.11        87.2364            853             400690             158215              0              0
       165       3705.52   0.00189616           1485        173.716        87.5275            850             401944             156961              0              0
       164       3698.51    0.0038853           1485        176.362        87.8271            847             403442             155506              0              0
       163        3684.2  0.000318708           1485        179.047        88.2381            841             404430             154393              0              0
       162       3683.02  0.000450548           1485        181.774        88.3576            841             406535             152181              0              0
       161       3681.36     -0.02612           1485        184.542        88.2269            842             409142             148791              0              0
       160        3780.1            0           1485        187.352        86.2543            889             421288             137547              0              0
       159        3780.1            0        1726.74        190.205        100.437            889             370593             187757              0              0
       158        3780.1            0        1726.74        190.474        100.579            889             370323             188022              0              0
       157        3780.1            0        1726.74        190.742        100.721            889             370053             188288              0              0
       156        3780.1            0        1726.74        191.012        100.863            889             369782             188553              0              0
       155        3780.1            0        1726.74        191.281        101.005            889             369510             188819              0              0
       154        3780.1            0        1726.74        191.551        101.148            889             369239             189086              0              0
       153        3780.1            0        1726.74        191.821         101.29            889             368967             189352              0              0
       152        3780.1            0        1726.74        192.092        101.433            889             368694             189619              0              0
       151        3780.1            0        1726.74        192.363        101.576            889             368421             189887              0              0
       150        3780.1            0        1726.74        192.634         101.72            889             368148             190155              0              0
       149        3780.1            0        1726.74        192.906        101.863            889             367875             190423              0              0
       148        3780.1            0        1726.74        193.177        102.006            889             367601             190691              0              0
       147        3780.1            0        1726.74        193.449         102.15            889             367327             190959              0              0
       146        3780.1            0        1726.74        193.719        102.293            889             367054             191226              0              0
       145        3780.1            0        1726.74        193.987        102.434            889             366783             191490              0              0
       144        3780.1            0        1726.74        194.247        102.571            889             366517             191747              0              0
       143        3780.1            0        1726.74        193.507        102.699            889             365292             192955              0              0
       142        3780.1 -0.000647932        1726.74        190.648          102.8            889             362049             196154              0              0
       141       3782.55  0.000648352        1726.74         187.83        102.795            890             359261             198962              0              0
       140        3780.1            0        1726.74        185.054        102.856            889             357370             201885              0              0
       139        3780.1            0        1628.64         182.32         96.273            889             378483             179973              0              0
       138        3780.1            0        1628.64        182.559        96.3996            889             378241             180210              0              0
       137        3780.1            0        1628.64        182.799        96.5264            889             378000             180447              0              0
       136        3780.1            0        1628.64         183.04        96.6534            889             377758             180684              0              0
       135        3780.1            0        1628.64        183.281        96.7805            889             377515             180922              0              0
    135        3780.1            0        1628.64        183.281        96.7805            889             377515             180922              0              0
       134        3780.1            0        1628.64        183.522        96.9077            889             377273             181160              0              0
       133        3780.1            0        1628.64        183.763        97.0352            889             377030             181398              0              0
       132        3780.1            0        1628.64        184.005        97.1628            889             376786             181637              0              0
       131        3780.1            0        1628.64        184.247        97.2907            889             376542             181876              0              0
       130        3780.1            0        1628.64        184.489        97.4188            889             376298             182115              0              0
       129        3780.1            0        1628.64        184.732        97.5471            889             376054             182355              0              0
       128        3780.1            0        1628.64        184.976        97.6757            889             375808             182595              0              0
       127        3780.1            0        1628.64         185.22        97.8047            889             375562             182836              0              0
       126        3780.1            0        1628.64        185.465        97.9339            889             375316             183078              0              0
       125        3780.1            0        1628.64        185.708        98.0621            889             375069             183318              0              0
       124        3780.1            0        1628.64        185.938        98.1835            889             374827             183544              0              0
       123        3780.1   -0.0028665        1628.64         186.11        98.2748            889             372324             185973              0              0
       122       3790.97  -0.00340993        1628.64        184.079        98.1347            894             370189             188104              0              0
       121       3803.94   0.00926685        1628.64        181.358        98.0053            900             368217             190350              0              0
       120       3769.01            0        1628.64        178.678          98.83            883             362905             195844              0              0
       119       3769.01            0        1509.06        176.038        91.2201            883             388583             170026              0              0
       118       3769.01            0        1509.06        176.251        91.3307            883             388373             170233              0              0
       117       3769.01            0        1509.06        176.465        91.4415            883             388162             170439              0              0
       116       3769.01            0        1509.06        176.679        91.5524            883             387951             170646              0              0
       115       3769.01            0        1509.06        176.893        91.6635            883             387740             170853              0              0
       114       3769.01            0        1509.06        177.108        91.7746            883             387529             171060              0              0
       113       3769.01            0        1509.06        177.323         91.886            883             387317             171268              0              0
       112       3769.01            0        1509.06        177.538        91.9974            883             387105             171475              0              0
       111       3769.01            0        1509.06        177.753         92.109            883             386893             171683              0              0
       110       3769.01            0        1509.06        177.969        92.2207            883             386681             171891              0              0
       109       3769.01            0        1509.06        178.185        92.3326            883             386468             172100              0              0
       108       3769.01            0        1509.06        178.401        92.4445            883             386255             172309              0              0
       107       3769.01            0        1509.06        178.617        92.5567            883             386042             172518              0              0
       106       3769.01            0        1509.06        178.834        92.6689            883             385828             172727              0              0
       105       3769.01            0        1509.06        179.051        92.7813            883             385615             172936              0              0
       104       3769.01            0        1509.06        179.268        92.8939            883             385401             173146              0              0
       103       3769.01            0        1509.06        179.485        93.0065            883             385187             173356              0              0
       102       3769.01            0        1509.06        179.703        93.1193            883             384972             173566              0              0
       101       3769.01            0        1509.06        179.921        93.2323            883             384757             173777              0              0
       100       3769.01            0        1509.06        180.139        93.3454            883             384542             173988              0              0
        99       3769.01            0        1509.06        180.358        93.4586            883             384327             174199              0              0
        98       3769.01            0        1509.06        180.576        93.5719            883             384112             174410              0              0
        97       3769.01            0        1509.06        180.795        93.6854            883             383896             174622              0              0
        96       3769.01            0        1509.06        181.015         93.799            883             383680             174833              0              0
        95       3769.01            0        1509.06        181.234        93.9128            883             383464             175045              0              0
        94       3769.01            0        1509.06        181.454        94.0267            883             383247             175258              0              0
        93       3769.01            0        1509.06        181.674        94.1408            883             383030             175470              0              0
        92       3769.01            0        1509.06        181.894        94.2549            883             382813             175683              0              0
        91       3769.01            0        1509.06        182.115        94.3693            883             382596             175896              0              0
        90       3769.01            0        1509.06        182.336        94.4837            883             382378             176110              0              0
        89       3769.01            0        1509.06        182.557        94.5983            883             382160             176323              0              0
        88       3769.01            0        1509.06        182.778        94.7131            883             381942             176537              0              0
        87       3769.01            0        1509.06            183        94.8279            883             381724             176751              0              0
        86       3769.01            0        1509.06        183.222         94.943            883             381505             176966              0              0
        85       3769.01            0        1509.06        183.444        95.0581            883             381286             177180              0              0
        84       3769.01            0        1509.06        183.667        95.1734            883             381067             177395              0              0
        83       3769.01            0        1509.06         183.89        95.2888            883             380847             177610              0              0
        82       3769.01            0        1509.06        184.113        95.4044            883             380628             177826              0              0
81       3769.01            0        1509.06        184.336        95.5201            883             380408             178041              0              0
        80       3769.01            0        1509.06         184.56         95.636            883             380187             178257              0              0
        79       3769.01            0        1509.06        184.783         95.752            883             379967             178473              0              0
        78       3769.01            0        1509.06        185.008        95.8681            883             379746             178690              0              0
        77       3769.01            0        1509.06        185.232        95.9844            883             379525             178907              0              0
        76       3769.01            0        1509.06        185.457        96.1008            883             379304             179124              0              0
        75       3769.01            0        1509.06        185.682        96.2174            883             379082             179341              0              0
        74       3769.01            0        1509.06        185.907        96.3341            883             378860             179558              0              0
        73       3769.01            0        1509.06        186.132        96.4509            883             378638             179776              0              0
        72       3769.01            0        1509.06        186.358        96.5679            883             378416             179994              0              0
        71       3769.01            0        1509.06        186.584         96.685            883             378193             180213              0              0
        70       3769.01            0        1509.06         186.81        96.8023            883             377970             180431              0              0
        69       3769.01            0        1509.06        187.037        96.9197            883             377747             180650              0              0
        68       3769.01            0        1509.06        187.264        97.0373            883             377523             180869              0              0
        67       3769.01            0        1509.06        187.491         97.155            883             377299             181089              0              0
        66       3769.01            0        1509.06        187.718        97.2728            883             377075             181308              0              0
        65       3769.01            0        1509.06        187.946        97.3908            883             376851             181528              0              0
        64       3769.01            0        1509.06        188.174        97.5089            883             376627             181748              0              0
        63       3769.01            0        1509.06        188.402        97.6272            883             376402             181969              0              0
        62       3769.01            0        1509.06        188.631        97.7456            883             376177             182189              0              0
        61       3769.01            0        1509.06         188.86        97.8642            883             375951             182410              0              0
        60       3769.01            0        1509.06        189.089        97.9829            883             375725             182632              0              0
        59       3769.01            0        1509.06        189.318        98.1017            883             375500             182853              0              0
        58       3769.01            0        1509.06        189.548        98.2207            883             375273             183075              0              0
        57       3769.01            0        1509.06        189.777        98.3398            883             375047             183297              0              0
        56       3769.01            0        1509.06        190.008        98.4591            883             374820             183519              0              0
        55       3769.01            0        1509.06        190.238        98.5785            883             374593             183742              0              0
        54       3769.01            0        1509.06        190.469        98.6981            883             374366             183965              0              0
        53       3769.01            0        1509.06          190.7        98.8178            883             374138             184188              0              0
        52       3769.01            0        1509.06        190.931        98.9377            883             373910             184411              0              0
        51       3769.01            0        1509.06        191.163        99.0577            883             373682             184635              0              0
        50       3769.01            0        1509.06        191.395        99.1778            883             373454             184859              0              0
        49       3769.01            0        1509.06        191.627        99.2981            883             373225             185083              0              0
        48       3769.01            0        1509.06        191.859        99.4185            883             372996             185308              0              0
        47       3769.01            0        1509.06        192.092        99.5391            883             372767             185532              0              0
        46       3769.01            0        1509.06        192.325        99.6599            883             372537             185757              0              0
        45       3769.01            0        1509.06        192.558        99.7807            883             372307             185983              0              0
        44       3769.01            0        1509.06        192.792        99.9018            883             372077             186208              0              0
        43       3769.01            0        1509.06        193.026        100.023            883             371847             186434              0              0
        42       3769.01            0        1509.06         193.26        100.144            883             371616             186660              0              0
        41       3769.01            0        1509.06        193.494        100.266            883             371385             186887              0              0
        40       3769.01            0        1509.06        193.729        100.387            883             371154             187113              0              0
        39       3769.01            0        1509.06        193.964        100.509            883             370923             187340              0              0
        38       3769.01            0        1509.06        194.199        100.631            883             370691             187568              0              0
        37       3769.01            0        1509.06        194.435        100.753            883             370459             187795              0              0
        36       3769.01            0        1509.06         194.67        100.875            883             370226             188023              0              0
        35       3769.01            0        1509.06        194.907        100.998            883             369994             188251              0              0
        34       3769.01            0        1509.06        195.143         101.12            883             369761             188479              0              0
        33       3769.01            0        1509.06         195.38        101.243            883             369528             188708              0              0
        32       3769.01            0        1509.06        195.617        101.366            883             369294             188937              0              0
        31       3769.01            0        1509.06        195.854        101.489            883             369060             189166              0              0
        30       3769.01            0        1509.06        196.091        101.612            883             368826             189395              0              0
        29       3769.01            0        1509.06        196.329        101.735            883             368592             189625              0              0
        28       3769.01            0        1509.06        196.567        101.858            883             368357             189855              0              0
 27       3769.01            0        1509.06        196.806        101.982            883             368123             190085              0              0
        26       3769.01            0        1509.06        197.045        102.106            883             367887             190316              0              0
        25       3769.01            0        1509.06        197.284        102.229            883             367652             190547              0              0
        24       3769.01            0        1509.06        197.523        102.353            883             367416             190778              0              0
        23       3769.01            0        1509.06        197.762        102.478            883             367180             191009              0              0
        22       3769.01            0        1509.06        198.002        102.602            883             366944             191241              0              0
        21       3769.01            0        1509.06        198.242        102.726            883             366707             191473              0              0
        20       3769.01            0        1509.06        198.483        102.851            883             366470             191705              0              0
        19       3769.01            0        1509.06        198.724        102.976            883             366233             191938              0              0
        18       3769.01            0        1509.06        198.965        103.101            883             365995             192171              0              0
        17       3769.01            0        1509.06        199.207        103.226            883             365757             192404              0              0
        16       3769.01            0        1509.06        199.449        103.351            883             365519             192638              0              0
        15       3769.01            0        1509.06        199.691        103.477            883             365280             192872              0              0
        14       3769.01            0        1509.06        199.935        103.603            883             365040             193107              0              0
        13       3769.01            0        1509.06        200.179         103.73            883             364799             193343              0              0
        12       3769.01            0        1509.06        200.425        103.857            883             364557             193581              0              0
        11       3769.01            0        1509.06        200.675        103.987            883             364311             193822              0              0
        10       3769.01            0        1509.06         200.93        104.119            883             364060             194068              0              0
         9       3769.01            0        1509.06        201.194        104.256            883             363800             194323              0              0
         8       3769.01            0        1509.06        201.475        104.401            883             363524             194595              0              0
         7       3769.01            0        1509.06        201.787        104.563            883             363216             194897              0              0
         6       3769.01            0        1509.06         202.16        104.756            883             362850             195256              0              0
         5       3769.01            0        1509.06         202.65         105.01            883             362368             195730              0              0
         4       3769.01            0        1509.06        203.385        105.391            883             361647             196440              0              0
         3       3769.01            0        1509.06        204.662        106.053            883             360394             197673              0              0
         2       3769.01            0        1509.06        207.156        107.345            883             357617             200082              0              0
         1       3769.01            0        1509.06         214.33        111.063            883             350789             207011              0              0
         0       3769.01            0        1509.06        62.1532        32.2068            883             100235             360031              0              0
MARKET
-------------------------------------------------
Items: 0.277977
Value of items: 1.68966
Capital: 0
Total assets: 1.68966
Price in: 6.01824
Price out: 6.07842

Listname: CONSUMERS
Listsize: 2000
Employed: 701
Unemployed: 1299
Accumulated capital: 647112
Accumulated items: 2244164
Average motivation: 0.543465
Average skill: 0.543873
Accumulated spendwill: 1485

BANK: BENNYBANK
--------------------------
Iterest rate: 0.024
Assets: 228902
Debts: 1.03611e+06
Loans: 801581

Capital before: 561777
Capital after: 876013
Difference: -314236
