#time1 gdp2 growth3 demand4 wages5 price6 employed7 company_capital8 consumer_capital9 interest_rate10 investments11 market_capital12 bank_capital13 total_capital14
399 51325 0.025956 1485 72.6204 6.07842 701 0 0 367.5 141518 5920.1 228902 876013
398 50026.5 0.0440844 1485 73.7263 6.41535 703 572227 68964.2 360 132926 -3452.95 234758 870117
397 47914.2 0.0621444 1485 74.849 6.68773 708 568981 69831.3 367.5 137660 3173.84 224836 864589
396 45110.9 0.0360884 1485 75.9888 6.92721 725 564426 72152.6 375 135752 6076.41 222447 859002
395 43539.6 0.0513574 1485 77.146 7.36185 730 560510 69968.1 367.5 130651 -17.1542 225460 853221
394 41412.7 0.0468646 1485 78.3209 7.70056 740 558758 69019.8 375 131988 3183.54 215574 847806
393 39558.8 0.0369092 1485 79.5136 8.19463 746 554675 74373.4 367.5 130098 3187.01 214633 842303
392 38150.7 0.00752997 1485 80.7244 8.64446 746 553266 71216.5 345 128318 3257.19 204860 837158
391 37865.6 0.0692048 1485 81.9537 8.87577 687 549926 79115.4 330 126648 3333.65 195502 832556
390 35414.7 0.0172273 1485 83.2018 8.01299 683 535998 97722.1 337.5 125051 5468.89 186825 828353
389 34815 0.0611791 1485 84.4688 8.35398 688 513636 122423 330 118209 -2382.08 249244 822616
388 32807.8 0.0191896 1485 85.7551 8.54508 695 511043 64710.9 337.5 121938 5439.73 241131 817192
387 32190.1 0.067338 1485 87.061 8.91735 692 504800 65821.4 330 116050 -1501.21 247509 811494
386 30159.2 0.019437 1485 88.3868 9.0546 695 501660 63826.9 337.5 118905 5229.13 239547 806106
385 29584.2 0.0598984 1485 89.7328 9.45269 697 494592 66738 330 111494 -3139.44 250055 800350
384 27912.3 0.0262933 1485 91.0993 9.80847 701 491928 61506.9 337.5 115956 5298.65 242254 794901
383 27197.2 0.0417888 1485 92.4866 10.2908 705 487902 59446.3 330 110698 -1034.6 242541 789318
382 26106.2 0.0279548 1485 93.895 10.6824 710 486307 61504.8 337.5 113095 2777.52 234840 784035
381 25396.3 0.0524854 1485 95.3249 11.1206 710 482908 63510.2 322.5 111662 2780.28 232651 778680
380 24129.8 0.0266215 1485 96.7766 11.1838 719 480547 62702.5 330 110339 5086.7 225151 773733
379 23504.1 0.0542268 1485 98.2503 11.716 720 473963 69532.2 322.5 106463 200.118 235203 768442
378 22295.1 0.0316417 1485 99.7465 12.0535 723 472835 60204 330 107686 4993.38 227892 763435
377 21611.3 0.0409936 1485 101.265 12.6778 731 468613 61937 322.5 103920 254.916 230078 758259
376 20760.3 0.0373591 1485 102.808 13.2997 734 468844 59082.8 330 105108 2726.37 222869 753362
375 20012.6 0.0378747 1485 104.373 13.9525 736 467922 59844.8 322.5 103834 2771.41 216670 748488
374 19282.3 0.036068 1485 105.963 14.5308 742 467681 61366.1 330 102587 2767.93 209483 743885
373 18611 0.0362357 1485 107.576 15.2213 749 466688 64946.7 322.5 101344 2812.92 205003 739274
372 17960.2 0.034173 1485 109.215 15.9205 756 467515 63942.9 330 100124 2832.94 197836 734927
371 17366.8 0.032694 1485 110.878 16.6584 762 467425 66833.3 322.5 98900.7 2863.29 191292 730624
370 16816.9 0.0303157 1485 112.566 17.4062 767 468142 68326.8 330 97718.2 2898.3 184119 726578
369 16322.1 0.0316236 1485 114.28 18.1507 775 468407 71154.1 322.5 96525.6 2936.97 176941 722598
368 15821.8 0.0278587 1485 116.021 18.9518 779 469785 72934.9 330 95365.4 2958.55 169760 718868
367 15393 0.0291241 1485 117.787 19.722 790 470027 76122.9 322.5 94211.9 3006.47 162559 715211
366 14957.3 0.0263353 1485 119.581 20.5393 793 471649 77997 330 93084 3036.52 155345 711798
365 14573.5 0.0251131 1485 121.402 21.355 800 472036 81380.6 337.5 91954.7 3096.21 148224 708464
364 14216.5 0.0218558 1485 123.251 22.1891 806 473059 84084.6 330 90798 3117.35 140859 705221
363 13912.5 0.0227558 1485 125.128 22.9708 820 473804 87440.8 337.5 89700.9 3168.15 133552 702217
362 13602.9 0.0242324 1485 127.033 23.814 832 474811 90686.5 345 88587.9 3203.68 126254 699311
361 13281.1 0.0234107 1485 128.968 24.7388 839 476324 93528.9 337.5 87476.2 3253.55 118819 696514
360 12977.3 0.0200216 1485 130.932 25.6746 849 477212 97229.1 345 86395.1 3289.62 111219 693954
359 12722.5 0.0219002 1485 132.926 26.5875 852 478154 101291 337.5 85319.2 3361.1 103713 691512
358 12449.9 0.0201052 1485 134.95 27.1889 861 478400 106039 345 84258.3 3350.4 96100.1 689300
357 12204.5 0.0209708 1485 137.005 28.148 872 477547 112303 352.5 83205.6 3388.59 94699.4 687071
356 11953.8 0.0200474 1485 139.092 29.1762 876 479451 109532 345 82160.1 3456.75 87026.5 684977
355 11718.9 0.0185366 1485 141.21 30.2157 880 480530 113964 352.5 81129.2 3518.51 79265 683111
354 11505.6 0.00829456 1485 143.36 31.2702 880 481537 118790 330 80082.9 3555.73 71556.3 681389
353 11411 0.0214397 1485 145.543 32.0727 847 482263 124014 322.5 79123.3 3610.71 63968.7 679950
352 11171.5 0.0170779 1485 144.699 29.8625 847 475748 136622 330 78209.8 3326.86 56744.7 678703
351 10983.9 0.020029 1485 146.903 30.7805 853 461562 157069 315 77259 3335.33 99027 676475
350 10768.2 0.0189744 1485 149.14 31.5528 853 463244 110869 322.5 76389.3 3359.63 92092.9 674500
349 10567.7 0.0159389 1485 151.411 32.5734 853 462738 116310 330 75505.2 3415.54 88770.7 672549
348 10401.9 0.0184168 1485 153.717 33.5445 853 464116 116247 322.5 74602.9 3454.42 81843.9 670708
347 10213.8 0.017754 1485 156.058 34.1522 853 465456 119954 330 73734.5 3436.16 74919.7 669062
346 10035.6 0.016876 1485 158.434 35.2068 853 464624 126082 322.5 72878 3528.45 74264.1 667391
345 9869.06 0.0143426 1485 160.847 36.2889 853 466553 123046 330 71997.2 3530.56 67557.8 665907
344 9729.52 0.0165933 1485 163.296 37.3331 853 468311 126507 322.5 71156.8 3586.08 60602.1 664544
343 9570.71 0.0154069 1485 165.783 37.9988 853 470370 129986 330 70335.7 3598.08 53589.5 663366
342 9425.49 0.0122356 1485 168.308 39.1364 853 470049 136130 322.5 69506.2 3656.39 52648.5 662182
341 9311.56 -0.0013679 1485 168.849 40.1973 854 470910 134967 330 68697.1 3709.94 45578.7 661181
340 9324.31 0.0160197 1485 166.353 40.7983 853 471057 140835 315 67888.4 3777.54 38674.5 660311
339 9177.29 0.0149347 1485 163.895 38.2678 853 468514 149345 322.5 67121.7 3481.59 31733.6 659630
338 9042.25 0.0129411 1485 166.391 39.312 853 454593 169822 315 66358.6 3490.54 70265.7 658086
337 8926.73 0.0102803 1485 168.925 40.3276 855 456145 128185 322.5 65653.4 3602.4 63888 656715
336 8835.89 0.0124587 1485 170.811 41.2718 869 457350 131875 337.5 64879.3 3603.56 57288 655457
335 8727.16 0.0131369 1485 173.412 42.3628 872 460862 133703 330 64137.3 3639.3 50445.6 654296
334 8614 0.0129945 1485 176.053 43.5057 873 463129 137081 337.5 63431.3 3699.21 43444.6 653318
333 8503.5 0.0103726 1485 178.734 44.6989 873 465447 140728 330 62712.6 3784.57 36520.3 652478
332 8416.21 0.00450048 1485 180.945 45.81 876 467795 144377 337.5 61980.9 3812.36 29457.2 651815
331 8378.5 0.0121176 1485 178.271 46.7396 869 469774 148771 322.5 61275.6 3868.58 22577.6 651295
330 8278.19 0.0115477 1485 175.636 44.703 871 468058 156791 330 60617.3 3670.71 15661.7 650951
329 8183.68 0.0117942 1485 178.311 45.8281 873 457890 173729 322.5 59943.2 3717.64 44323.3 649954
328 8088.29 0.010747 1485 181.026 46.9829 874 460273 141640 330 59292.5 3760.65 37441.9 649132
327 8002.29 0.00921208 1485 183.783 48.1514 876 462111 145818 337.5 58648.5 3805.77 30679.4 648441
326 7929.24 0.00747645 1485 183.438 49.2893 881 464325 149631 345 58013.5 3865.29 23731.8 647895
325 7870.4 0.0104596 1485 180.727 50.4161 881 466654 153644 337.5 57373.5 3932.51 16650.2 647503
324 7788.93 0.00260964 1485 178.056 50.3974 881 467507 159414 345 56747.5 3917.52 9408.73 647287
323 7768.66 0.0112027 1485 175.425 51.3239 881 463466 170494 337.5 56097 3919.97 15554 646920
322 7682.59 0.00827664 1485 172.832 49.7177 881 462309 165138 345 55534.7 3787.06 8418.17 646727
321 7619.53 0.0093343 1485 170.278 50.8226 884 452854 181667 337.5 54939.3 3832.44 30798.7 646002
320 7549.06 0.00368385 1485 167.762 51.7786 885 454869 156502 345 54367.5 3871.85 23812.8 645453
319 7521.36 0.00989647 1485 165.283 52.7425 884 455213 162555 337.5 53797.4 3944.48 19289.1 644999
318 7447.65 0.0012225 1485 162.84 51.2914 884 453094 168672 345 53240.5 3793.41 12522.2 644711
317 7438.56 0.010758 1485 160.434 52.119 881 444082 184313 337.5 52692.3 3803.67 32445.5 643947
316 7359.38 0.0063977 1485 158.063 49.4991 881 441084 166614 345 52221.5 3616.56 25778.9 643354
315 7312.6 0.00980894 1485 155.727 50.4465 881 429507 184451 337.5 51707.6 3639.18 56564.7 642022
314 7241.57 0.00800493 1485 153.425 50.1362 882 430464 151354 345 51239.2 3592.45 50034.5 640871
313 7184.06 0.00107354 1485 151.158 51.1756 884 425687 161557 337.5 50766.2 3658.64 57106 639526
312 7176.36 0.0117783 1485 148.924 51.9536 877 425694 153068 322.5 50291.1 3668.42 50516.1 638364
311 7092.82 0.00735928 1485 146.723 48.7239 874 422015 162164 330 49893.3 3461.49 44120 637394
310 7041 0.00653729 1485 146.719 49.5862 880 408985 180827 337.5 49437.4 3450.57 79454 635607
309 6995.27 0.00503493 1485 144.551 50.4477 885 410640 142062 330 49035.2 3471.87 73341.5 633919
308 6960.22 0.00926165 1485 142.415 51.2266 887 411365 145740 337.5 48665.2 3554.48 67211.9 632407
307 6896.35 0.00566741 1485 140.31 50.8539 888 411275 150366 345 48260.3 3446.66 61537.9 630990
306 6857.49 0.0053052 1485 138.236 51.7399 897 407254 158752 337.5 47911.1 3543.72 68355.1 629381
305 6821.3 0.0101223 1485 136.193 52.6841 881 407713 149769 322.5 47521.1 3539.74 62227.6 627949
304 6752.94 0.00747671 1485 134.181 49.3889 881 402871 159310 337.5 47215.8 3323.36 56259.3 626713
303 6702.83 0.0103015 1485 134.36 50.2346 879 391124 176006 330 46868.9 3329.67 89350.4 624656
302 6634.48 0.00842535 1485 132.375 50.0176 878 391749 140226 337.5 46566.4 3261.76 83748.5 622772
301 6579.05 0.00791189 1485 132.214 50.9252 881 388381 147381 322.5 46291 3299.72 88683.5 620731
300 6527.41 0.00901921 1485 130.26 51.8898 860 388988 139759 315 46026.2 3360.38 82945 618908
299 6469.06 0.000669345 1485 128.335 49.8492 860 383910 148693 322.5 45761.5 3209.29 77375.1 617248
298 6464.74 0.0104309 1485 126.438 50.3837 860 375501 161163 315 45496.5 3241.46 97558.4 615105
297 6398 0.0076167 1485 124.57 48.1454 859 373420 140885 322.5 45256.6 3009.65 92133.7 613129
296 6349.64 0.00913481 1485 126.467 48.8964 859 364701 153284 315 45082.5 3084.64 113761 610629
295 6292.16 0.00642584 1485 126.646 48.9897 860 365682 128101 330 44874.6 3086.98 108489 608302
294 6251.98 0.00956451 1485 125.57 49.6718 873 364457 132270 322.5 44654.9 3053.28 109168 605846
293 6192.75 0.00965584 1485 127.482 50.5157 873 366788 126837 330 44504.3 3109.61 103914 603563
292 6133.53 0.0102587 1485 129.424 51.3699 873 368483 128056 322.5 44332.2 3084.88 98668.8 601343
291 6071.25 0.00898521 1485 131.394 52.3331 871 370687 128903 330 44221.5 3141.26 93646.9 599286
290 6017.18 0.00898359 1485 133.395 53.2583 872 372288 130210 322.5 44097.9 3189.68 88145.1 597303
289 5963.61 0.00872575 1485 135.427 54.2127 872 374270 131698 330 43966.5 3202.53 82620.6 595487
288 5912.02 0.00909931 1485 137.489 55.1769 873 376051 133613 337.5 43865.6 3231.34 77063.5 593754
287 5858.71 0.00871604 1485 139.583 56.2007 873 378380 135079 330 43780.4 3263.51 71460.1 592109
286 5808.09 0.00867305 1485 141.708 57.2083 873 381098 136288 337.5 43707.2 3305.32 65787.8 590629
285 5758.15 0.00886014 1485 143.866 58.2636 873 383132 138404 330 43639.4 3308.95 60253.9 589242
284 5707.58 0.00797759 1485 146.057 59.3348 873 385739 139940 337.5 43611.1 3345.84 54623.7 588014
283 5662.4 0.00305621 1485 148.282 60.4691 873 388040 142004 330 43598.3 3379.3 49172.8 586882
282 5645.15 0.00773148 1485 146.09 61.3266 872 390267 144063 322.5 43603.2 3468.57 43213.8 585910
281 5601.84 0.00933892 1485 143.931 59.6973 875 389901 149326 330 43579 3300.93 37598.3 585083
280 5550.01 0.00908275 1485 146.123 60.8359 874 384481 159704 322.5 43619.3 3347.96 52081.8 583912
279 5500.05 0.00799407 1485 148.348 62.0084 873 387030 141452 337.5 43653.9 3376.07 46463.2 582891
278 5456.43 0.0068477 1485 149.474 63.1808 874 389459 143593 330 43721.1 3411.28 40704.3 581954
277 5419.32 0.00262377 1485 149.071 64.3221 876 392481 145358 337.5 43803.4 3423.88 34722.8 581173
276 5405.14 0.00866212 1485 146.868 65.2877 876 394991 148036 330 43938.6 3513.04 28841.3 580509
275 5358.72 0.00624021 1485 144.697 63.5646 876 394716 153439 337.5 44050.3 3358.24 22787.8 579996
274 5325.49 0.00664297 1485 142.61 64.648 881 388584 165267 330 44219.3 3406.45 38249 579116
273 5290.35 0.000989301 1485 140.502 65.762 883 390456 147004 337.5 44389.4 3429.1 32290.4 578390
272 5285.12 0.00911238 1485 138.426 66.6714 876 390211 152459 322.5 44603.2 3537.28 26745.4 577774
271 5237.39 0.00745543 1485 136.38 62.624 876 387927 159565 337.5 44776.1 3248.08 20855 577316
270 5198.64 0.00746618 1485 136.262 63.6884 880 378173 175040 330 45027.7 3263.52 52123.1 576116
269 5160.11 0.00511422 1485 134.248 64.8188 882 380706 140024 337.5 45308.3 3279.44 46462.3 575071
268 5133.85 0.0121821 1485 132.264 65.8595 863 381537 143792 322.5 45640.6 3352.95 40707.1 574134
267 5072.07 0.00934598 1485 130.31 61.6843 856 377550 152524 330 45954.8 3111.41 35423.1 573356
266 5025.1 0.00994418 1485 132.294 62.8017 856 366914 167907 322.5 46284.9 3100.28 67342.6 571841
265 4975.62 0.00926482 1485 134.309 63.8357 856 369720 131678 330 46663.9 3191.25 61753.9 570484
264 4929.95 0.00938543 1485 136.354 65.0179 856 372982 132557 322.5 47007.9 3133.93 57021 569201
263 4884.11 0.00978816 1485 138.43 66.1787 856 375802 133244 330 47450.1 3192.73 51325.8 568073
262 4836.77 0.00971174 1485 140.539 67.3668 856 378894 134661 322.5 47897.8 3239.35 45968.1 567039
261 4790.24 0.00956803 1485 142.679 68.6599 856 382156 135676 330 48336.6 3286.65 40746.8 566144
260 4744.85 0.00929454 1485 144.852 70.0151 856 385359 136751 322.5 48800.5 3272.45 35003.4 565357
259 4701.15 0.0073281 1485 147.057 71.3814 856 388455 138626 330 49324.5 3339.07 29093.8 564717
258 4666.95 0.00940029 1485 149.297 72.5762 856 391817 140468 322.5 49859.9 3343.65 23248.7 564194
257 4623.49 0.00523512 1485 147.09 72.7799 856 394526 143076 330 50436.5 3303.55 17951.6 563800
256 4599.41 0.0106805 1485 146.129 73.9177 856 394216 148329 322.5 51077.1 3424.99 19712.9 563357
255 4550.8 0.0105672 1485 143.969 72.9516 856 395809 144410 330 51649.7 3260.94 13997.1 563049
254 4503.22 0.0102979 1485 146.161 74.4662 856 393608 152183 322.5 52349.7 3331.3 23201.5 562527
253 4457.32 0.198559 1485 147.631 75.9635 856 397120 138874 330 53022.6 3316.76 17150.3 562150
252 3718.9 0 1485 148.992 77.4022 856 400910 140773 300 53794.6 56761.5 11395 561894
251 3718.9 0 1485 150.557 78.2151 856 404642 89095.6 300 0 2625.73 5728.28 561777
250 3718.9 0 1485 150.746 78.3132 856 409577 143846 300 0 2629.34 0 561777
249 3718.9 0 1485 150.935 78.4115 856 415121 144027 300 0 2632.96 0 561777
248 3718.9 0 1485 151.124 78.5098 856 414937 144207 300 0 2636.58 0 561777
247 3718.9 0 1485 151.314 78.6083 856 414752 144388 300 0 2640.21 0 561777
246 3718.9 0 1485 151.503 78.7069 856 414568 144569 300 0 2643.84 0 561777
245 3718.9 0 1485 151.693 78.8056 856 414383 144751 300 0 2647.47 0 561777
244 3718.9 0 1485 151.884 78.9045 856 414197 144932 300 0 2651.11 0 561777
243 3718.9 0 1485 152.074 79.0034 856 414012 145114 300 0 2654.76 0 561777
242 3718.9 0 1485 152.265 79.1025 856 413826 145296 300 0 2658.4 0 561777
241 3718.9 0 1485 152.456 79.2018 856 413640 145478 300 0 2662.06 0 561777
240 3718.9 0 1485 152.647 79.3011 856 413454 145661 300 0 2665.71 0 561777
239 3718.9 0 1485 152.839 79.4006 856 413268 145843 300 0 2669.38 0 561777
238 3718.9 0 1485 153.03 79.5002 856 413081 146026 300 0 2673.04 0 561777
237 3718.9 0 1485 153.222 79.5999 856 412894 146209 300 0 2676.72 0 561777
236 3718.9 0 1485 153.414 79.6997 856 412707 146393 300 0 2680.39 0 561777
235 3718.9 0 1485 153.607 79.7997 856 412520 146576 300 0 2684.07 0 561777
234 3718.9 0 1485 153.8 79.8998 856 412333 146760 300 0 2687.76 0 561777
233 3718.9 0 1485 153.992 80 856 412145 146944 300 0 2691.45 0 561777
232 3718.9 0 1485 154.186 80.1004 856 411957 147129 300 0 2695.14 0 561777
231 3718.9 0 1485 154.379 80.2008 856 411769 147313 300 0 2698.84 0 561777
230 3718.9 0 1485 154.573 80.3014 856 411580 147498 300 0 2702.55 0 561777
229 3718.9 0 1485 154.767 80.4022 856 411391 147683 300 0 2706.26 0 561777
228 3718.9 0 1485 154.961 80.503 856 411202 147868 300 0 2709.97 0 561777
227 3718.9 0 1485 155.155 80.604 856 411013 148054 300 0 2713.69 0 561777
226 3718.9 0 1485 155.35 80.7051 856 410824 148240 300 0 2717.41 0 561777
225 3718.9 0 1485 155.545 80.8063 856 410634 148425 300 0 2721.14 0 561777
224 3718.9 0 1485 155.74 80.9077 856 410444 148612 300 0 2724.87 0 561777
223 3718.9 0 1485 155.935 81.0092 856 410254 148798 300 0 2728.6 0 561777
222 3718.9 0 1485 156.131 81.1108 856 410064 148985 300 0 2732.35 0 561777
221 3718.9 0 1485 156.326 81.2125 856 409873 149172 300 0 2736.09 0 561777
220 3718.9 0 1485 156.523 81.3144 856 409682 149359 300 0 2739.84 0 561777
219 3718.9 0 1485 156.719 81.4164 856 409491 149546 300 0 2743.6 0 561777
218 3718.9 0 1485 156.915 81.5185 856 409300 149734 300 0 2747.36 0 561777
217 3718.9 0 1485 157.112 81.6208 856 409108 149921 300 0 2751.12 0 561777
216 3718.9 0 1485 157.309 81.7232 856 408916 150109 300 0 2754.89 0 561777
215 3718.9 0 1485 157.507 81.8257 856 408724 150298 300 0 2758.67 0 561777
214 3718.9 0 1485 157.704 81.9283 856 408532 150486 300 0 2762.45 0 561777
213 3718.9 0 1485 157.902 82.0311 856 408339 150675 300 0 2766.23 0 561777
212 3718.9 0 1485 158.1 82.134 856 408147 150864 300 0 2770.02 0 561777
211 3718.9 0 1485 158.298 82.237 856 407954 151053 300 0 2773.81 0 561777
210 3718.9 0 1485 158.497 82.3401 856 407760 151243 300 0 2777.61 0 561777
209 3718.9 0 1485 158.696 82.4434 856 407567 151432 300 0 2781.41 0 561777
208 3718.9 0 1485 158.895 82.5468 856 407373 151622 300 0 2785.22 0 561777
207 3718.9 0 1485 159.094 82.6504 856 407179 151813 300 0 2789.03 0 561777
206 3718.9 0 1485 159.294 82.7541 856 406985 152003 300 0 2792.85 0 561777
205 3718.9 0 1485 159.494 82.8579 856 406790 152194 300 0 2796.67 0 561777
204 3718.9 0 1485 159.694 82.9618 856 406596 152385 300 0 2800.5 0 561777
203 3718.9 0 1485 159.894 83.0659 856 406401 152576 300 0 2804.33 0 561777
202 3718.9 0 1485 160.094 83.17 856 406206 152767 300 0 2808.17 0 561777
201 3718.9 0 1485 160.295 83.2744 856 406010 152959 300 0 2812.01 0 561777
200 3718.9 0 1485 160.496 83.3788 856 405814 153151 300 0 2815.85 0 561777
199 3718.9 0 1485 160.698 83.4834 856 405618 153343 300 0 2819.7 0 561777
198 3718.9 0 1485 160.899 83.5881 856 405422 153535 300 0 2823.56 0 561777
197 3718.9 0 1485 161.101 83.693 856 405226 153728 300 0 2827.42 0 561777
196 3718.9 0 1485 161.303 83.798 856 405029 153921 300 0 2831.29 0 561777
195 3718.9 0 1485 161.506 83.9031 856 404832 154114 300 0 2835.16 0 561777
194 3718.9 0 1485 161.708 84.0083 856 404635 154307 300 0 2839.03 0 561777
193 3718.9 0 1485 161.911 84.1137 856 404438 154500 300 0 2842.91 0 561777
192 3718.9 0 1485 162.114 84.2192 856 404240 154694 300 0 2846.8 0 561777
191 3718.9 0 1485 162.317 84.3249 856 404042 154888 300 0 2850.69 0 561777
190 3718.9 0 1485 162.521 84.4306 856 403844 155083 300 0 2854.58 0 561777
189 3718.9 0 1485 162.725 84.5365 856 403645 155277 300 0 2858.48 0 561777
188 3718.9 0 1485 162.929 84.6426 856 403447 155472 300 0 2862.38 0 561777
187 3718.9 0 1485 163.133 84.7487 856 403248 155667 300 0 2866.29 0 561777
186 3718.9 0 1485 163.338 84.8551 856 403049 155862 300 0 2870.21 0 561777
185 3718.9 0 1485 163.543 84.9615 856 402849 156058 300 0 2874.13 0 561777
184 3718.9 0 1485 163.748 85.0681 856 402649 156253 300 0 2878.05 0 561777
183 3718.9 0 1485 163.953 85.1748 856 402450 156449 300 0 2881.98 0 561777
182 3718.9 0 1485 164.159 85.2816 856 402249 156646 300 0 2885.91 0 561777
181 3718.9 0 1485 164.365 85.3886 856 402049 156842 300 0 2889.85 0 561777
180 3718.9 0 1485 164.571 85.4957 856 401848 157039 300 0 2893.79 0 561777
179 3718.9 0 1485 164.778 85.603 856 401647 157236 300 0 2897.74 0 561777
178 3718.9 0 1485 164.984 85.7104 856 401446 157433 300 0 2901.68 0 561777
177 3718.9 0 1485 165.191 85.8179 856 401245 157631 300 0 2905.63 0 561777
176 3718.9 0 1485 165.399 85.9256 856 401043 157828 300 0 2909.57 0 561777
175 3718.9 0 1485 165.606 86.0335 856 400841 158027 300 0 2913.5 0 561777
174 3718.9 0 1485 165.815 86.1416 856 400639 158225 300 0 2917.39 0 561777
173 3718.9 0 1485 166.023 86.2501 856 400436 158424 300 0 2921.21 0 561777
172 3718.9 0 1485 166.233 86.3591 856 400232 158623 300 0 2924.9 0 561777
171 3718.9 0 1485 166.444 86.4689 856 400028 158824 300 0 2928.35 0 561777
170 3718.9 0 1485 166.659 86.5802 856 399823 159026 300 0 2931.39 0 561777
169 3718.9 0 1485 166.878 86.694 856 399615 159230 300 0 2933.51 0 561777
168 3718.9 0 1485 167.106 86.8126 856 399404 159440 300 0 2929.48 0 561777
167 3718.9 0.00168499 1485 168.544 86.9512 856 399308 159540 300 0 2869.87 0 561777
166 3712.64 0.00192055 1485 171.11 87.2364 853 400025 158882 300 0 2871.65 0 561777
165 3705.52 0.00189616 1485 173.716 87.5275 850 400690 158215 300 0 2871.92 0 561777
164 3698.51 0.0038853 1485 176.362 87.8271 847 401944 156961 300 0 2828.92 0 561777
163 3684.2 0.000318708 1485 179.047 88.2381 841 403442 155506 300 0 2953.96 0 561777
162 3683.02 0.000450548 1485 181.774 88.3576 841 404430 154393 300 0 3061.22 0 561777
161 3681.36 -0.02612 1485 184.542 88.2269 842 406535 152181 300 0 3843.83 0 561777
160 3780.1 0 1485 187.352 86.2543 889 409142 148791 300 0 2941.43 0 561777
159 3780.1 0 1726.74 190.205 100.437 889 421288 137547 300 0 3426.12 0 561777
158 3780.1 0 1726.74 190.474 100.579 889 370593 187757 300 0 3431.42 0 561777
157 3780.1 0 1726.74 190.742 100.721 889 370323 188022 300 0 3436.74 0 561777
156 3780.1 0 1726.74 191.012 100.863 889 370053 188288 300 0 3442.05 0 561777
155 3780.1 0 1726.74 191.281 101.005 889 369782 188553 300 0 3447.38 0 561777
154 3780.1 0 1726.74 191.551 101.148 889 369510 188819 300 0 3452.71 0 561777
153 3780.1 0 1726.74 191.821 101.29 889 369239 189086 300 0 3458.06 0 561777
152 3780.1 0 1726.74 192.092 101.433 889 368967 189352 300 0 3463.41 0 561777
151 3780.1 0 1726.74 192.363 101.576 889 368694 189619 300 0 3468.77 0 561777
150 3780.1 0 1726.74 192.634 101.72 889 368421 189887 300 0 3474.16 0 561777
149 3780.1 0 1726.74 192.906 101.863 889 368148 190155 300 0 3479.58 0 561777
148 3780.1 0 1726.74 193.177 102.006 889 367875 190423 300 0 3485.06 0 561777
147 3780.1 0 1726.74 193.449 102.15 889 367601 190691 300 0 3490.69 0 561777
146 3780.1 0 1726.74 193.719 102.293 889 367327 190959 300 0 3496.69 0 561777
145 3780.1 0 1726.74 193.987 102.434 889 367054 191226 300 0 3503.6 0 561777
144 3780.1 0 1726.74 194.247 102.571 889 366783 191490 300 0 3512.93 0 561777
143 3780.1 0 1726.74 193.507 102.699 889 366517 191747 300 0 3529.66 0 561777
142 3780.1 -0.000647932 1726.74 190.648 102.8 889 365292 192955 300 0 3573.89 0 561777
141 3782.55 0.000648352 1726.74 187.83 102.795 890 362049 196154 300 0 3554.35 0 561777
140 3780.1 0 1726.74 185.054 102.856 889 359261 198962 300 0 2521.95 0 561777
139 3780.1 0 1628.64 182.32 96.273 889 357370 201885 300 0 3321.08 0 561777
138 3780.1 0 1628.64 182.559 96.3996 889 378483 179973 300 0 3325.82 0 561777
137 3780.1 0 1628.64 182.799 96.5264 889 378241 180210 300 0 3330.56 0 561777
136 3780.1 0 1628.64 183.04 96.6534 889 378000 180447 300 0 3335.31 0 561777
135 3780.1 0 1628.64 183.281 96.7805 889 377758 180684 300 0 3340.07 0 561777
134 3780.1 0 1628.64 183.522 96.9077 889 377515 180922 300 0 3344.83 0 561777
133 3780.1 0 1628.64 183.763 97.0352 889 377273 181160 300 0 3349.59 0 561777
132 3780.1 0 1628.64 184.005 97.1628 889 377030 181398 300 0 3354.36 0 561777
131 3780.1 0 1628.64 184.247 97.2907 889 376786 181637 300 0 3359.13 0 561777
130 3780.1 0 1628.64 184.489 97.4188 889 376542 181876 300 0 3363.89 0 561777
129 3780.1 0 1628.64 184.732 97.5471 889 376298 182115 300 0 3368.65 0 561777
128 3780.1 0 1628.64 184.976 97.6757 889 376054 182355 300 0 3373.41 0 561777
127 3780.1 0 1628.64 185.22 97.8047 889 375808 182595 300 0 3378.23 0 561777
126 3780.1 0 1628.64 185.465 97.9339 889 375562 182836 300 0 3383.39 0 561777
125 3780.1 0 1628.64 185.708 98.0621 889 375316 183078 300 0 3390.38 0 561777
124 3780.1 0 1628.64 185.938 98.1835 889 375069 183318 300 0 3405.8 0 561777
123 3780.1 -0.0028665 1628.64 186.11 98.2748 889 374827 183544 300 0 3480.78 0 561777
122 3790.97 -0.00340993 1628.64 184.079 98.1347 894 372324 185973 300 0 3484.23 0 561777
121 3803.94 0.00926685 1628.64 181.358 98.0053 900 370189 188104 300 0 3210.96 0 561777
120 3769.01 0 1628.64 178.678 98.83 883 368217 190350 300 0 3027.22 0 561777
119 3769.01 0 1509.06 176.038 91.2201 883 362905 195844 300 0 3167.51 0 561777
118 3769.01 0 1509.06 176.251 91.3307 883 388583 170026 300 0 3171.64 0 561777
117 3769.01 0 1509.06 176.465 91.4415 883 388373 170233 300 0 3175.77 0 561777
116 3769.01 0 1509.06 176.679 91.5524 883 388162 170439 300 0 3179.91 0 561777
115 3769.01 0 1509.06 176.893 91.6635 883 387951 170646 300 0 3184.05 0 561777
114 3769.01 0 1509.06 177.108 91.7746 883 387740 170853 300 0 3188.2 0 561777
113 3769.01 0 1509.06 177.323 91.886 883 387529 171060 300 0 3192.35 0 561777
112 3769.01 0 1509.06 177.538 91.9974 883 387317 171268 300 0 3196.51 0 561777
111 3769.01 0 1509.06 177.753 92.109 883 387105 171475 300 0 3200.68 0 561777
110 3769.01 0 1509.06 177.969 92.2207 883 386893 171683 300 0 3204.85 0 561777
109 3769.01 0 1509.06 178.185 92.3326 883 386681 171891 300 0 3209.02 0 561777
108 3769.01 0 1509.06 178.401 92.4445 883 386468 172100 300 0 3213.2 0 561777
107 3769.01 0 1509.06 178.617 92.5567 883 386255 172309 300 0 3217.38 0 561777
106 3769.01 0 1509.06 178.834 92.6689 883 386042 172518 300 0 3221.57 0 561777
105 3769.01 0 1509.06 179.051 92.7813 883 385828 172727 300 0 3225.77 0 561777
104 3769.01 0 1509.06 179.268 92.8939 883 385615 172936 300 0 3229.96 0 561777
103 3769.01 0 1509.06 179.485 93.0065 883 385401 173146 300 0 3234.17 0 561777
102 3769.01 0 1509.06 179.703 93.1193 883 385187 173356 300 0 3238.38 0 561777
101 3769.01 0 1509.06 179.921 93.2323 883 384972 173566 300 0 3242.59 0 561777
100 3769.01 0 1509.06 180.139 93.3454 883 384757 173777 300 0 3246.81 0 561777
99 3769.01 0 1509.06 180.358 93.4586 883 384542 173988 300 0 3251.04 0 561777
98 3769.01 0 1509.06 180.576 93.5719 883 384327 174199 300 0 3255.27 0 561777
97 3769.01 0 1509.06 180.795 93.6854 883 384112 174410 300 0 3259.5 0 561777
96 3769.01 0 1509.06 181.015 93.799 883 383896 174622 300 0 3263.74 0 561777
95 3769.01 0 1509.06 181.234 93.9128 883 383680 174833 300 0 3267.99 0 561777
94 3769.01 0 1509.06 181.454 94.0267 883 383464 175045 300 0 3272.24 0 561777
93 3769.01 0 1509.06 181.674 94.1408 883 383247 175258 300 0 3276.49 0 561777
92 3769.01 0 1509.06 181.894 94.2549 883 383030 175470 300 0 3280.76 0 561777
91 3769.01 0 1509.06 182.115 94.3693 883 382813 175683 300 0 3285.02 0 561777
90 3769.01 0 1509.06 182.336 94.4837 883 382596 175896 300 0 3289.29 0 561777
89 3769.01 0 1509.06 182.557 94.5983 883 382378 176110 300 0 3293.57 0 561777
88 3769.01 0 1509.06 182.778 94.7131 883 382160 176323 300 0 3297.85 0 561777
87 3769.01 0 1509.06 183 94.8279 883 381942 176537 300 0 3302.14 0 561777
86 3769.01 0 1509.06 183.222 94.943 883 381724 176751 300 0 3306.43 0 561777
85 3769.01 0 1509.06 183.444 95.0581 883 381505 176966 300 0 3310.73 0 561777
84 3769.01 0 1509.06 183.667 95.1734 883 381286 177180 300 0 3315.03 0 561777
83 3769.01 0 1509.06 183.89 95.2888 883 381067 177395 300 0 3319.34 0 561777
82 3769.01 0 1509.06 184.113 95.4044 883 380847 177610 300 0 3323.65 0 561777
81 3769.01 0 1509.06 184.336 95.5201 883 380628 177826 300 0 3327.97 0 561777
80 3769.01 0 1509.06 184.56 95.636 883 380408 178041 300 0 3332.29 0 561777
79 3769.01 0 1509.06 184.783 95.752 883 380187 178257 300 0 3336.62 0 561777
78 3769.01 0 1509.06 185.008 95.8681 883 379967 178473 300 0 3340.95 0 561777
77 3769.01 0 1509.06 185.232 95.9844 883 379746 178690 300 0 3345.29 0 561777
76 3769.01 0 1509.06 185.457 96.1008 883 379525 178907 300 0 3349.64 0 561777
75 3769.01 0 1509.06 185.682 96.2174 883 379304 179124 300 0 3353.99 0 561777
74 3769.01 0 1509.06 185.907 96.3341 883 379082 179341 300 0 3358.34 0 561777
73 3769.01 0 1509.06 186.132 96.4509 883 378860 179558 300 0 3362.7 0 561777
72 3769.01 0 1509.06 186.358 96.5679 883 378638 179776 300 0 3367.07 0 561777
71 3769.01 0 1509.06 186.584 96.685 883 378416 179994 300 0 3371.44 0 561777
70 3769.01 0 1509.06 186.81 96.8023 883 378193 180213 300 0 3375.81 0 561777
69 3769.01 0 1509.06 187.037 96.9197 883 377970 180431 300 0 3380.19 0 561777
68 3769.01 0 1509.06 187.264 97.0373 883 377747 180650 300 0 3384.58 0 561777
67 3769.01 0 1509.06 187.491 97.155 883 377523 180869 300 0 3388.97 0 561777
66 3769.01 0 1509.06 187.718 97.2728 883 377299 181089 300 0 3393.37 0 561777
65 3769.01 0 1509.06 187.946 97.3908 883 377075 181308 300 0 3397.77 0 561777
64 3769.01 0 1509.06 188.174 97.5089 883 376851 181528 300 0 3402.18 0 561777
63 3769.01 0 1509.06 188.402 97.6272 883 376627 181748 300 0 3406.59 0 561777
62 3769.01 0 1509.06 188.631 97.7456 883 376402 181969 300 0 3411.01 0 561777
61 3769.01 0 1509.06 188.86 97.8642 883 376177 182189 300 0 3415.44 0 561777
60 3769.01 0 1509.06 189.089 97.9829 883 375951 182410 300 0 3419.87 0 561777
59 3769.01 0 1509.06 189.318 98.1017 883 375725 182632 300 0 3424.3 0 561777
58 3769.01 0 1509.06 189.548 98.2207 883 375500 182853 300 0 3428.74 0 561777
57 3769.01 0 1509.06 189.777 98.3398 883 375273 183075 300 0 3433.19 0 561777
56 3769.01 0 1509.06 190.008 98.4591 883 375047 183297 300 0 3437.64 0 561777
55 3769.01 0 1509.06 190.238 98.5785 883 374820 183519 300 0 3442.09 0 561777
54 3769.01 0 1509.06 190.469 98.6981 883 374593 183742 300 0 3446.56 0 561777
53 3769.01 0 1509.06 190.7 98.8178 883 374366 183965 300 0 3451.02 0 561777
52 3769.01 0 1509.06 190.931 98.9377 883 374138 184188 300 0 3455.5 0 561777
51 3769.01 0 1509.06 191.163 99.0577 883 373910 184411 300 0 3459.97 0 561777
50 3769.01 0 1509.06 191.395 99.1778 883 373682 184635 300 0 3464.46 0 561777
49 3769.01 0 1509.06 191.627 99.2981 883 373454 184859 300 0 3468.95 0 561777
48 3769.01 0 1509.06 191.859 99.4185 883 373225 185083 300 0 3473.44 0 561777
47 3769.01 0 1509.06 192.092 99.5391 883 372996 185308 300 0 3477.94 0 561777
46 3769.01 0 1509.06 192.325 99.6599 883 372767 185532 300 0 3482.45 0 561777
45 3769.01 0 1509.06 192.558 99.7807 883 372537 185757 300 0 3486.96 0 561777
44 3769.01 0 1509.06 192.792 99.9018 883 372307 185983 300 0 3491.47 0 561777
43 3769.01 0 1509.06 193.026 100.023 883 372077 186208 300 0 3495.99 0 561777
42 3769.01 0 1509.06 193.26 100.144 883 371847 186434 300 0 3500.52 0 561777
41 3769.01 0 1509.06 193.494 100.266 883 371616 186660 300 0 3505.05 0 561777
40 3769.01 0 1509.06 193.729 100.387 883 371385 186887 300 0 3509.59 0 561777
39 3769.01 0 1509.06 193.964 100.509 883 371154 187113 300 0 3514.14 0 561777
38 3769.01 0 1509.06 194.199 100.631 883 370923 187340 300 0 3518.68 0 561777
37 3769.01 0 1509.06 194.435 100.753 883 370691 187568 300 0 3523.24 0 561777
36 3769.01 0 1509.06 194.67 100.875 883 370459 187795 300 0 3527.8 0 561777
35 3769.01 0 1509.06 194.907 100.998 883 370226 188023 300 0 3532.37 0 561777
34 3769.01 0 1509.06 195.143 101.12 883 369994 188251 300 0 3536.94 0 561777
33 3769.01 0 1509.06 195.38 101.243 883 369761 188479 300 0 3541.51 0 561777
32 3769.01 0 1509.06 195.617 101.366 883 369528 188708 300 0 3546.1 0 561777
31 3769.01 0 1509.06 195.854 101.489 883 369294 188937 300 0 3550.68 0 561777
30 3769.01 0 1509.06 196.091 101.612 883 369060 189166 300 0 3555.28 0 561777
29 3769.01 0 1509.06 196.329 101.735 883 368826 189395 300 0 3559.88 0 561777
28 3769.01 0 1509.06 196.567 101.858 883 368592 189625 300 0 3564.48 0 561777
27 3769.01 0 1509.06 196.806 101.982 883 368357 189855 300 0 3569.09 0 561777
26 3769.01 0 1509.06 197.045 102.106 883 368123 190085 300 0 3573.71 0 561777
25 3769.01 0 1509.06 197.284 102.229 883 367887 190316 300 0 3578.33 0 561777
24 3769.01 0 1509.06 197.523 102.353 883 367652 190547 300 0 3582.96 0 561777
23 3769.01 0 1509.06 197.762 102.478 883 367416 190778 300 0 3587.59 0 561777
22 3769.01 0 1509.06 198.002 102.602 883 367180 191009 300 0 3592.23 0 561777
21 3769.01 0 1509.06 198.242 102.726 883 366944 191241 300 0 3596.87 0 561777
20 3769.01 0 1509.06 198.483 102.851 883 366707 191473 300 0 3601.52 0 561777
19 3769.01 0 1509.06 198.724 102.976 883 366470 191705 300 0 3606.18 0 561777
18 3769.01 0 1509.06 198.965 103.101 883 366233 191938 300 0 3610.84 0 561777
17 3769.01 0 1509.06 199.207 103.226 883 365995 192171 300 0 3615.51 0 561777
16 3769.01 0 1509.06 199.449 103.351 883 365757 192404 300 0 3620.18 0 561777
15 3769.01 0 1509.06 199.691 103.477 883 365519 192638 300 0 3624.86 0 561777
14 3769.01 0 1509.06 199.935 103.603 883 365280 192872 300 0 3629.55 0 561777
13 3769.01 0 1509.06 200.179 103.73 883 365040 193107 300 0 3634.26 0 561777
12 3769.01 0 1509.06 200.425 103.857 883 364799 193343 300 0 3638.98 0 561777
11 3769.01 0 1509.06 200.675 103.987 883 364557 193581 300 0 3643.74 0 561777
10 3769.01 0 1509.06 200.93 104.119 883 364311 193822 300 0 3648.56 0 561777
9 3769.01 0 1509.06 201.194 104.256 883 364060 194068 300 0 3653.48 0 561777
8 3769.01 0 1509.06 201.475 104.401 883 363800 194323 300 0 3658.61 0 561777
7 3769.01 0 1509.06 201.787 104.563 883 363524 194595 300 0 3664.15 0 561777
6 3769.01 0 1509.06 202.16 104.756 883 363216 194897 300 0 3670.48 0 561777
5 3769.01 0 1509.06 202.65 105.01 883 362850 195256 300 0 3678.46 0 561777
4 3769.01 0 1509.06 203.385 105.391 883 362368 195730 300 0 3689.97 0 561777
3 3769.01 0 1509.06 204.662 106.053 883 361647 196440 300 0 3709.97 0 561777
2 3769.01 0 1509.06 207.156 107.345 883 360394 197673 300 0 4078 0 561777
1 3769.01 0 1509.06 214.33 111.063 883 357617 200082 300 0 3976.58 0 561777
0 3769.01 0 1509.06 62.1532 32.2068 883 350789 207011 300 0 101511 0 561777
